   0   7.30   7.09   6.92   6.90   7.82   7.14   6.91   6.92   6.96   6.88
  10   7.11   6.92   6.94   7.14   6.95   6.95   6.94   6.97   6.97   6.83
  20   6.90   6.88   6.91   6.93   6.91   6.88   6.90   6.90   6.92   6.90
  30   6.91   6.89   7.42   6.88   6.90   6.87   6.89   6.91   6.85   6.88
  40   6.92   6.88   6.89   6.94   6.88   6.95   6.88   6.91   6.88   6.87
  50   7.00   6.88   6.88   7.77   6.84   6.89   6.91   6.86   6.85   6.84
  60   6.85   6.85   6.88   6.86   6.84   6.82   6.84   7.01   6.88   6.86
  70   6.85   6.84   6.90   6.84   6.88   6.92   6.88   6.90   6.87   6.90
  80   6.88   6.88   6.91   6.88   6.95   6.87   6.88   6.92   6.92   6.88
  90   6.87   6.86   6.90   6.93   6.89   6.90   6.86   8.78   8.75   8.76
 100   8.76   8.74   8.74   8.77   8.75   8.70   8.77   8.76   8.79   8.78
 110   8.77   8.77   8.74   8.79   8.73   8.74   8.78   8.83   8.86   8.80
 120   9.34   8.83   8.77   8.78   8.75   8.84   8.76   8.78   8.77   8.78
 130   8.78   8.83   8.79   8.80   8.80   8.76   8.76   8.84   8.76   8.77
 140   8.72   8.77   8.77   8.81   8.83   8.77   8.76   8.74   8.79   8.84
 150   8.81   8.80   8.79   8.80   8.79   8.73   8.74   8.75   8.79   8.83
 160   8.76   8.80   8.86   8.73   8.70   8.76   8.72   8.81   8.89   8.78
 170   8.75   9.65   8.73   8.75   8.75   8.71   8.84   8.82   8.89   8.81
 180   8.87   8.84   8.89   8.78   8.73   8.78   8.82   8.81   8.78   8.77
 190   8.75   8.73   8.75  12.95   8.79   8.74   8.79   8.79   8.78   9.26
