   0   0.40   0.42   0.41   0.41   0.45   0.43   0.44   0.41   0.41   0.40
  10   0.42   0.40   0.43   0.40   0.41   0.40   0.41   0.42   0.41   0.42
  20   0.40   0.43   0.41   0.40   0.40   0.40   0.41   0.42   0.41   0.41
  30   0.42   0.47   0.41   0.40   0.41   0.43   0.40   0.41   0.46   0.41
  40   0.40   0.40   0.41   0.40   0.47   0.42   0.40   0.40   0.40   0.41
  50   0.41   0.40   0.40   0.40   0.41   0.41   0.41   0.42   0.41   0.48
  60   0.41   0.41   0.43   0.41   0.41   0.42   0.43   0.45   0.41   0.41
  70   0.43   0.41   0.43   0.40   0.47   0.42   0.41   0.41   0.40   0.46
  80   0.40   0.41   0.41   0.48   0.40   0.48   0.41   0.47   0.49   0.42
  90   0.41   0.41   0.40   0.40   0.40   0.41   0.42   0.53   0.52   0.55
 100   0.52   0.54   0.51   0.52   0.51   0.53   0.52   0.52   0.52   0.51
 110   0.51   0.67   0.52   0.71   0.53   0.52   0.51   0.51   0.58   0.53
 120   0.52   0.53   0.54   0.57   0.51   0.51   0.53   0.53   0.53   0.55
 130   0.52   0.53   0.51   0.51   0.55   0.52   0.55   0.51   0.52   0.53
 140   0.53   0.57   0.54   0.53   0.52   0.53   0.53   0.53   0.53   0.52
 150   0.53   0.53   0.54   0.53   0.53   0.55   0.53   0.55   0.54   0.55
 160   0.61   0.53   0.54   0.60   0.57   0.55   0.53   0.53   0.62   0.51
 170   0.53   0.59   0.55   0.58   0.53   0.59   0.53   0.55   0.53   0.51
 180   0.53   0.57   0.53   0.61   0.59   0.59   0.53   0.55   0.59   0.55
 190   0.53   0.53   0.53   0.61   0.51   0.53   0.53   0.53   0.55   0.51
