   0   1.47   1.43   1.55   1.40   1.49   1.45   1.57   1.47   1.50   1.53
  10   1.40   1.39   1.38   1.38   1.46   1.41   1.47   1.46   1.45   1.54
  20   1.49   1.59   1.40   1.41   1.50   1.39   1.43   1.52   1.48   1.43
  30   1.40   1.45   1.53   1.49   1.47   1.42   1.48   1.52   1.54   1.42
  40   1.39   1.42   1.41   1.36   1.42   1.43   1.38   1.44   1.38   1.58
  50   1.41   1.51   1.38   1.38   1.50   1.45   1.45   1.53   1.40   1.59
  60   1.45   1.44   1.50   1.43   1.52   1.41   1.48   1.56   1.42   1.50
  70   1.45   1.52   1.46   1.49   1.42   1.46   1.50   1.54   1.43   1.47
  80   1.49   1.42   1.52   1.58   1.37   1.62   1.40   1.43   1.63   1.57
  90   1.41   1.41   1.74   1.49   1.63   1.53   1.44  10.99  11.28  13.23
 100  11.15  11.51  10.89  11.15  11.87  11.12  11.32  11.14  10.86  11.58
 110  11.48  11.13  10.99  12.74  11.32  10.82  10.98  11.64  11.61  11.68
 120  11.35  11.41  11.06  11.13  10.95  12.24  11.83  11.36  11.05  11.11
 130  11.76  11.09  10.92  11.53  12.04  12.06  12.30  12.27  11.90  11.13
 140  11.27  11.08  11.29  11.42  11.04  11.34  11.00  11.02  11.42  11.46
 150  11.62  11.13  11.13  11.37  11.25  11.24  12.14  12.11  11.31  12.56
 160  12.28  11.41  11.16  11.39  12.14  11.25  11.68  11.80  12.44  11.25
 170  10.89  11.80  11.34  11.44  11.09  12.33  10.86  12.79  10.89  11.24
 180  11.29  11.04  11.03  11.54  11.27  11.59  11.79  11.29  13.69  12.33
 190  11.07  13.30  10.99  12.93  11.21  12.17  11.27  11.17  11.06  10.93
