   0   2.92   2.64   2.69   2.63   2.72   2.65   2.77   2.65   2.72   2.73
  10   2.91   2.56   2.53   2.46   2.60   2.54   2.70   2.66   2.56   2.70
  20   2.60   2.77   2.50   2.43   2.58   2.44   2.53   2.65   2.62   2.62
  30   2.53   2.66   2.65   2.63   2.57   2.59   2.67   2.73   2.71   2.54
  40   2.54   2.54   2.60   2.51   2.69   2.61   2.52   2.57   2.55   2.76
  50   2.62   2.70   2.62   2.54   2.69   2.62   2.63   2.69   2.55   2.88
  60   2.62   2.63   3.04   2.56   2.69   2.60   2.64   2.77   2.55   2.68
  70   2.62   2.65   2.64   2.60   2.66   2.68   2.70   2.68   2.55   2.65
  80   2.62   2.54   2.72   2.84   2.49   3.03   2.58   2.66   3.08   2.72
  90   2.59   2.56   2.86   2.71   2.76   2.69   2.77  12.41  12.70  14.70
 100  12.57  12.92  12.33  12.55  13.27  12.54  12.68  12.50  12.61  12.92
 110  12.86  12.78  12.34  14.34  12.70  12.22  12.34  12.97  13.07  13.04
 120  12.72  12.79  12.48  12.57  12.31  13.59  13.21  12.71  12.47  12.50
 130  13.18  12.50  12.34  12.91  13.52  13.42  13.77  13.68  13.31  12.50
 140  12.68  12.56  12.74  12.89  12.41  12.73  12.43  12.38  12.81  12.91
 150  13.01  12.48  12.60  12.84  12.72  12.67  13.52  13.53  12.74  14.39
 160  13.96  12.81  12.62  12.92  13.62  12.70  13.13  13.18  14.06  12.61
 170  12.36  13.26  12.75  12.94  12.46  13.87  12.28  14.25  12.36  12.59
 180  12.78  12.49  12.45  13.11  12.81  13.14  13.21  12.75  15.37  13.83
 190  12.45  14.73  12.44  15.27  12.57  13.59  12.70  12.63  12.50  12.65
