   0   2.69   2.43   2.47   2.40   2.50   2.43   2.55   2.42   2.50   2.51
  10   2.35   2.35   2.34   2.31   2.46   2.35   2.49   2.46   2.37   2.47
  20   2.40   2.57   2.30   2.29   2.41   2.28   2.33   2.44   2.42   2.39
  30   2.32   2.46   2.45   2.43   2.42   2.37   2.44   2.49   2.49   2.31
  40   2.31   2.31   2.39   2.27   2.47   2.37   2.29   2.34   2.31   2.54
  50   2.39   2.47   2.36   2.29   2.46   2.38   2.41   2.46   2.31   2.64
  60   2.39   2.40   2.45   2.35   2.48   2.39   2.42   2.56   2.34   2.47
  70   2.39   2.43   2.41   2.38   2.45   2.45   2.49   2.45   2.34   2.48
  80   2.40   2.33   2.50   2.63   2.27   2.73   2.37   2.45   2.86   2.51
  90   2.40   2.33   2.66   2.45   2.52   2.45   2.52  12.16  12.41  14.47
 100  12.34  12.67  12.07  12.29  13.02  12.29  12.44  12.26  12.06  12.71
 110  12.65  12.55  12.13  14.16  12.47  11.99  12.13  12.75  12.85  12.82
 120  12.49  12.56  12.24  12.36  12.08  13.36  12.98  12.50  12.25  12.29
 130  12.94  12.28  12.11  12.68  13.29  13.19  13.55  13.45  13.05  12.27
 140  12.44  12.32  12.50  12.66  12.18  12.49  12.21  12.16  12.59  12.69
 150  12.77  12.27  12.35  12.61  12.48  12.43  13.30  13.30  12.51  13.76
 160  13.65  12.56  12.38  12.69  13.38  12.44  12.90  12.94  13.82  12.39
 170  12.11  13.04  12.52  12.70  12.22  13.61  12.04  13.99  12.06  12.35
 180  12.52  12.26  12.20  12.87  12.57  12.87  12.95  12.49  15.05  13.58
 190  12.20  14.49  12.20  15.04  12.33  13.32  12.47  12.38  12.25  12.09
