   0   0.36   0.39   0.33   0.35   0.33   0.35   0.39   0.33   0.38   0.49
  10   0.34   0.39   0.38   0.37   0.88   0.40   0.37   0.39   0.39   0.39
  20   0.43   0.40   0.40   0.39   0.39   0.36   0.37   0.37   0.36   0.38
  30   0.39   0.41   0.44   0.39   0.38   0.41   0.40   0.38   0.39   0.44
  40   0.40   0.42   0.41   0.43   0.45   0.39   0.40   0.41   0.43   0.42
  50   0.43   0.40   0.40   0.35   0.37   0.40   0.37   0.40   0.49   0.40
  60   0.41   0.39   0.42   0.37   0.39   0.41   0.35   0.39   0.42   0.41
  70   0.41   0.41   0.43   0.42   0.56   0.43   0.42   0.41   0.38   0.39
  80   0.42   0.40   0.41   0.42   0.52   0.36   0.40   0.46   0.38   0.39
  90   0.40   0.62   0.41   0.41   0.42   0.43   0.42   0.37   0.44   0.41
 100   0.43   0.44   0.42   0.93   0.44   0.43   0.41   0.44   0.41   0.44
 110   0.41   0.46   0.43   0.45   0.44   0.40
