   0   2.89   3.19   3.00   3.80   2.84   3.80   3.79   3.84   3.21   3.90
  10   3.82   2.81   3.74   3.82   3.97   2.84   2.85   3.82   2.93   3.02
  20   3.70   3.77   3.82   4.64   2.89   3.06   3.20   2.78   3.78   2.98
  30   3.06   2.93   3.72   3.73   2.84   3.79   3.82   2.86   3.73   3.04
  40   3.81   3.80   3.71   3.76   3.78   3.80   3.77   3.14   3.89   2.89
  50   3.87   2.87   3.88   3.89   3.21   3.09   3.97   3.27   3.88   2.89
  60   3.89   3.21   2.89   3.27   4.06   4.01   4.06   3.29   3.04   3.89
  70   3.90   3.88   4.05   4.07   4.11   3.90   3.13   3.91   3.93   3.90
  80   3.29   3.91   2.99   3.19   3.89   3.88   4.04   3.92   3.72   3.89
  90   3.93   3.89   3.90   3.90   3.91   3.07   3.90  11.62  12.03  11.34
 100  12.25  11.57  11.33  12.33  11.55  10.31  11.55  11.38  11.73  11.63
 110  11.58  10.87  11.18  10.94  11.59  12.39  11.20  11.87  10.51  11.47
 120  11.02  12.80  11.87  11.34  11.83  10.86  11.97  10.55  11.52  11.46
 130  11.38  11.64  11.46  11.34  11.15  11.34  11.35  11.34  11.65  11.44
 140  10.59  11.46  11.56  11.42  12.03  12.19  11.48  10.84  12.04  11.42
 150  10.44  11.38  11.69  12.13  12.15  11.17  11.43  11.47  11.93  11.46
 160  11.71  11.81  11.85  11.43  11.39  11.89  12.49  10.69  11.65  11.62
 170  11.25  11.11  12.18  11.34  11.41  12.22  11.35  11.70  12.22  11.97
 180  11.63  11.25  10.60  13.13  11.80  11.76  11.83  11.71  11.94  10.72
 190  11.55  10.70  11.33  10.54  11.35  11.37  10.82  11.31  11.98  11.67
