   0   7.49   7.46   7.07   7.63   6.64   7.83   7.54   8.34   7.00   7.98
  10   7.81   6.61   7.38   7.51   8.01   6.58   6.73   7.55   6.55   6.78
  20   7.32   7.49   7.63   8.37   6.68   6.75   6.85   6.47   7.43   6.74
  30   6.72   6.63   7.38   7.58   6.52   7.63   7.68   6.75   7.40   6.73
  40   7.54   7.56   7.38   7.40   7.49   7.56   7.46   6.94   7.72   6.74
  50   7.70   6.80   7.77   7.74   7.06   6.96   7.81   7.12   7.69   6.75
  60   7.73   7.62   6.73   7.04   8.01   8.00   8.04   7.28   7.04   7.79
  70   7.78   7.69   8.02   8.06   8.60   7.77   7.10   7.80   8.28   7.72
  80   7.11   7.74   6.88   7.14   8.20   7.71   7.85   7.81   7.55   7.78
  90   7.76   7.74   7.76   7.76   7.73   6.94   7.77  16.38  16.64  15.91
 100  16.81  16.26  17.87  16.83  16.11  14.86  16.08  16.40  16.27  16.29
 110  16.27  15.57  15.88  15.80  16.21  17.22  15.76  17.29  15.06  16.48
 120  15.66  17.38  16.66  15.89  16.43  15.44  16.53  15.19  16.49  16.57
 130  15.92  16.19  16.02  15.90  15.82  16.07  15.89  15.92  16.19  16.02
 140  15.14  16.05  16.58  16.04  17.05  17.19  16.05  15.56  17.01  16.46
 150  15.10  16.40  16.26  16.73  16.68  15.74  17.13  16.48  16.93  16.04
 160  16.41  16.96  16.66  16.49  16.40  16.93  17.05  15.30  16.84  16.32
 170  15.84  15.68  16.75  15.93  15.98  16.93  15.92  16.46  16.82  16.58
 180  16.18  15.93  15.26  19.21  16.66  16.91  17.00  16.50  17.14  15.58
 190  16.13  15.39  15.95  23.74  15.99  16.05  15.41  15.90  16.57  16.64
