   0   7.15   7.20   6.83   7.37   6.39   7.59   7.31   8.07   6.74   7.44
  10   7.61   6.41   7.19   7.31   7.79   6.39   6.52   7.36   6.36   6.59
  20   7.14   7.31   7.44   8.16   6.46   6.56   6.65   6.26   7.23   6.52
  30   6.51   6.44   7.18   7.38   6.33   7.43   7.47   6.55   7.19   6.53
  40   7.33   7.36   7.18   7.20   7.29   7.35   7.26   6.74   7.50   6.53
  50   7.49   6.60   7.57   7.53   6.84   6.73   7.59   6.91   7.49   6.52
  60   7.52   6.93   6.51   6.88   7.80   7.80   7.83   7.07   6.83   7.56
  70   7.56   7.47   7.81   7.85   8.29   7.54   6.88   7.56   8.06   7.51
  80   6.89   7.54   6.66   6.92   7.98   7.48   7.64   7.58   7.34   7.55
  90   7.55   7.51   7.53   7.54   7.52   6.70   7.56  16.16  16.42  15.67
 100  16.60  16.04  17.62  16.66  15.90  14.66  15.88  15.84  16.07  16.08
 110  16.05  15.35  15.67  15.56  15.97  17.01  15.54  17.01  14.85  16.27
 120  15.45  17.17  16.46  15.69  16.21  15.21  16.32  14.99  16.28  16.35
 130  15.72  15.97  15.80  15.70  15.60  15.85  15.69  15.70  15.99  15.79
 140  14.92  15.82  16.36  15.81  16.83  16.98  15.82  15.34  16.79  16.24
 150  14.88  16.18  16.04  16.53  16.47  15.52  16.92  16.26  16.41  15.81
 160  16.18  16.76  16.44  16.27  16.19  16.70  16.83  15.07  16.60  16.10
 170  15.63  15.45  16.52  15.71  15.75  16.72  15.70  16.21  16.60  16.33
 180  15.97  15.70  15.03  18.96  16.41  16.68  16.77  16.27  16.90  15.35
 190  15.89  15.13  15.70  23.52  15.75  15.80  15.17  15.67  16.33  16.12
