   0   3.92   3.91   3.73   3.47   3.43   3.71   3.43   4.07   3.43   3.43
  10   3.69   3.51   3.38   3.39   3.72   3.45   3.59   3.44   3.35   3.49
  20   3.36   3.43   3.50   3.44   3.47   3.38   3.37   3.39   3.37   3.43
  30   3.37   3.43   3.37   3.53   3.40   3.55   3.58   3.56   3.38   3.39
  40   3.44   3.45   3.38   3.36   3.43   3.42   3.42   3.52   3.54   3.54
  50   3.54   3.65   3.62   3.54   3.54   3.55   3.54   3.54   3.54   3.54
  60   3.54   3.56   3.54   3.53   3.67   3.68   3.68   3.69   3.69   3.56
  70   3.54   3.51   3.68   3.68   4.03   3.55   3.66   3.54   4.02   3.53
  80   3.52   3.53   3.58   3.65   4.01   3.50   3.52   3.54   3.54   3.54
  90   3.54   3.53   3.54   3.54   3.53   3.54   3.57   4.40   4.30   4.24
 100   4.26   4.38   6.20   4.25   4.26   4.25   4.25   4.38   4.27   4.34
 110   4.39   4.40   4.41   4.52   4.30   4.50   4.26   5.00   4.26   4.72
 120   4.34   4.27   4.48   4.26   4.30   4.25   4.27   4.36   4.65   4.74
 130   4.26   4.26   4.26   4.26   4.36   4.40   4.27   4.26   4.27   4.26
 140   4.26   4.25   4.68   4.28   4.72   4.70   4.25   4.42   4.67   4.71
 150   4.33   4.72   4.27   4.30   4.25   4.27   5.42   4.70   4.39   4.27
 160   4.39   4.85   4.51   4.76   4.72   4.71   4.26   4.30   4.87   4.38
 170   4.29   4.26   4.25   4.27   4.26   4.39   4.25   4.41   4.30   4.27
 180   4.27   4.35   4.34   5.74   4.53   4.81   4.86   4.48   4.87   4.53
 190   4.25   4.35   4.27   4.28   4.28   4.35   4.27   4.25   4.27   4.34
