   0   7.17   7.13   7.97   7.17   6.78   6.93   6.74   6.76   6.72   6.70
  10   7.01   6.74   6.77   6.71   6.76   6.93   6.66   6.76   6.95   6.74
  20   6.77   6.73   6.71   6.66   6.72   6.73   6.71   6.68   6.69   6.72
  30   6.71   6.70   6.64   6.66   6.71   6.73   6.70   6.71   6.75   6.70
  40   6.74   6.86   6.82   7.00   6.71   6.98   7.43   6.70   6.70   7.07
  50   6.73   6.68   6.66   6.63   7.09   6.70   6.70   6.71   6.70   6.65
  60   6.71   6.67   6.68   6.67   6.69   6.67   6.68   7.52   6.69   6.69
  70   6.72   6.69   6.95   6.67   6.74   6.72   7.26   6.73   6.73   6.73
  80   6.74   6.66   6.62   6.67   7.04   6.69   7.17   6.68   6.66   6.77
  90   6.66   6.65   6.62   7.04   6.69   6.76   6.59   8.63   8.67   8.66
 100   8.54   8.53   8.66   8.56   8.55   8.56   8.53   8.64   8.61   8.59
 110   8.59   8.55   8.58   9.22   8.61   8.59   8.52   8.64   8.62   8.50
 120   8.59   8.54   8.73   8.60   8.57   8.65   8.65   8.55   8.61   8.66
 130   8.53   8.50   8.84   9.38   8.61   8.55   8.55   8.65   8.66   8.56
 140   8.61   8.71   9.17   8.56   8.54   8.55   8.62   8.57   8.55   8.49
 150   8.55   8.57   8.54   8.56   8.58   8.53   8.66   8.57   8.50   8.55
 160   8.70   8.99   8.56   8.61   8.54   8.60   8.59   8.62   8.57   8.56
 170   8.57   8.58   8.64   8.63   8.56   8.68   8.58   8.49   8.53   8.60
 180   8.57   8.57   8.53   8.63   8.54   8.67   8.53   8.54   8.75   8.63
 190   8.59   8.53   8.64  12.72   8.68   8.53   8.51   8.93   8.63   8.59
