   0   0.02   0.02   0.02   0.02   0.02   0.02   0.02   0.02   0.02   0.02
  10   0.02   0.02   0.02   0.02   0.03   0.02   0.02   0.02   0.02   0.02
  20   0.02   0.02   0.02   0.02   0.02   0.02   0.02   0.02   0.02   0.02
  30   0.02   0.02   0.02   0.02   0.02   0.02   0.02   0.02   0.02   0.02
  40   0.02   0.02   0.02   0.02   0.02   0.02   0.02   0.02   0.02   0.02
  50   0.02   0.02   0.02   0.02   0.02   0.02   0.02   0.02   0.02   0.02
  60   0.02   0.02   0.02   0.02   0.02   0.02   0.02   0.02   0.02   0.02
  70   0.02   0.02   0.02   0.02   0.02   0.02   0.03   0.02   0.02   0.02
  80   0.02   0.02   0.02   0.02   0.02   0.02   0.02   0.02   0.02   0.02
  90   0.02   0.02   0.02   0.02   0.02   0.02   0.02   0.02   0.02   0.02
 100   0.02   0.02   0.02   0.02   0.02   0.02   0.02   0.02   0.02   0.02
 110   0.02   0.02   0.02   0.03   0.02   0.02   0.02   0.02   0.02   0.02
 120   0.02   0.02   0.02   0.02   0.03   0.03   0.03   0.02   0.02   0.02
 130   0.02   0.02   0.02   0.02   0.02   0.02   0.03   0.03   0.02   0.02
 140   0.03   0.03   0.02   0.02   0.02   0.02   0.02   0.02   0.02   0.02
 150   0.02   0.02   0.02   0.02   0.02   0.02   0.02   0.02   0.02   0.02
 160   0.02   0.02   0.02   0.02   0.02   0.02   0.02   0.03   0.02   0.02
 170   0.02   0.02   0.02   0.02   0.03   0.03   0.02   0.02   0.02   0.02
 180   0.02   0.02   0.02   0.02   0.02   0.03   0.02   0.02   0.03   0.03
 190   0.02   0.02   0.02   0.03   0.02   0.02   0.03   0.02   0.03   0.02
