   0   7.39   7.34   8.17   7.35   6.98   7.13   6.92   6.97   6.92   6.88
  10   7.20   6.93   6.96   6.90   6.97   7.11   6.84   6.96   7.15   6.93
  20   6.99   6.94   6.89   6.85   6.91   6.94   6.88   6.88   6.88   6.92
  30   6.91   6.89   6.84   6.85   6.92   6.92   6.89   7.20   6.92   6.86
  40   6.90   7.03   6.97   7.15   6.87   7.12   7.60   6.84   6.85   7.25
  50   6.88   6.84   6.82   6.79   7.26   6.85   6.86   6.87   6.84   6.80
  60   6.86   6.82   6.85   6.84   6.86   6.83   6.84   7.68   6.86   6.85
  70   6.88   6.85   7.13   6.86   6.93   6.91   7.46   6.91   6.90   6.90
  80   6.91   6.80   6.79   6.84   7.21   6.85   7.36   7.14   6.83   6.94
  90   6.83   6.82   6.78   7.21   6.86   6.92   6.76   8.80   8.83   8.83
 100   8.70   8.70   8.82   8.72   8.71   8.73   8.69   8.81   8.78   8.76
 110   8.76   8.70   8.74   9.38   8.78   8.76   8.70   8.80   8.79   8.68
 120   8.76   8.71   8.92   8.76   8.74   8.86   8.85   8.74   8.78   8.84
 130   8.71   8.68   9.04   9.55   8.81   8.75   8.73   8.85   8.85   8.74
 140   9.09   8.91   9.35   8.75   8.72   8.74   8.79   8.74   8.71   8.65
 150   8.72   8.74   8.72   8.73   8.78   8.72   8.84   8.74   8.69   8.73
 160   8.87   9.16   8.73   8.80   8.73   8.78   8.76   8.81   8.75   8.76
 170   8.76   8.75   8.83   8.82   8.74   8.88   8.76   8.67   8.71   8.78
 180   8.74   8.76   8.73   8.82   8.73   8.88   8.73   9.01   8.94   8.82
 190   8.76   8.72   8.83  12.91   8.88   8.72   8.70   9.11   8.86   8.79
