   0   3.33   3.29   3.75   3.29   3.31   3.30   3.26   3.34   3.31   3.28
  10   3.34   3.30   3.28   3.29   3.31   3.34   3.28   3.31   3.29   3.29
  20   3.33   3.28   3.28   3.28   3.29   3.29   3.29   3.29   3.30   3.29
  30   3.29   3.29   3.27   3.27   3.29   3.33   3.29   3.31   3.31   3.32
  40   3.33   3.27   3.32   3.29   3.32   3.42   3.58   3.32   3.28   3.29
  50   3.32   3.28   3.29   3.28   3.50   3.31   3.29   3.33   3.29   3.28
  60   3.32   3.28   3.29   3.27   3.30   3.32   3.30   3.67   3.29   3.32
  70   3.32   3.30   3.42   3.28   3.33   3.31   3.68   3.33   3.25   3.27
  80   3.31   3.30   3.27   3.28   3.52   3.31   3.47   3.29   3.29   3.33
  90   3.29   3.27   3.27   3.50   3.29   3.31   3.25   4.25   4.26   4.30
 100   4.23   4.24   4.29   4.23   4.24   4.26   4.21   4.26   4.27   4.24
 110   4.27   4.22   4.25   4.58   4.25   4.25   4.22   4.30   4.27   4.20
 120   4.28   4.23   4.26   4.25   4.25   4.28   4.27   4.23   4.27   4.22
 130   4.20   4.23   4.38   4.59   4.27   4.24   4.23   4.25   4.28   4.23
 140   4.26   4.28   4.49   4.24   4.22   4.26   4.22   4.24   4.24   4.20
 150   4.25   4.24   4.23   4.23   4.22   4.22   4.29   4.24   4.20   4.21
 160   4.40   4.44   4.24   4.23   4.23   4.28   4.25   4.25   4.25   4.24
 170   4.27   4.25   4.28   4.28   4.22   4.30   4.24   4.20   4.23   4.26
 180   4.24   4.24   4.23   4.28   4.22   4.24   4.21   4.23   4.32   4.27
 190   4.26   4.21   4.22   4.23   4.29   4.21   4.22   4.44   4.26   4.25
