   0   3.52   3.73   3.29   3.46   3.59   3.49   3.37   3.55   3.34   3.46
  10   3.62   3.31   3.31   3.54   3.29   3.33   3.47   3.48   3.32   3.31
  20   3.31   3.40   3.32   3.32   3.28   3.32   3.45   3.28   3.46   3.31
  30   3.31   3.32   3.33   3.33   3.31   3.30   3.27   3.43   3.31   3.64
  40   3.32   3.32   3.31   3.31   3.31   3.29   3.28   3.40   3.32   3.63
  50   3.31   3.30   3.33   3.37   3.29   3.31   3.27   3.43   3.34   3.31
  60   3.34   3.31   3.32   3.40   3.29   3.38   3.47   3.32   3.36   3.33
  70   3.30   3.34   3.30   3.30   3.32   3.33   3.38   3.31   3.29   3.30
  80   3.33   3.30   3.41   3.31   3.32   3.37   3.33   3.32   3.31   3.31
  90   3.32   3.32   3.44   3.32   3.32   3.31   3.31   4.25   4.29   4.51
 100   4.25   4.24   4.25   4.31   4.28   4.21   4.29   4.49   4.26   4.57
 110   4.27   4.24   4.27   4.27   4.27   4.27   4.25   4.35   4.27   4.26
 120   4.26   4.26   4.27   4.27   4.24   4.29   4.34   4.24   4.70   4.27
 130   4.23   4.23   4.25   4.29   4.23   4.28   4.29   4.30   4.28   4.27
 140   4.23   4.26   4.25   4.25   4.24   4.26   4.33   4.24   4.25   4.27
 150   4.36   4.20   4.26   4.35   4.24   4.35   4.24   4.54   4.27   4.44
 160   4.30   4.21   4.24   4.23   4.28   4.25   4.34   4.28   4.26   4.28
 170   4.26   4.22   4.23   4.45   4.37   4.74   4.35   4.29   4.37   4.25
 180   4.29   4.44   4.38   4.72   5.17   4.26   4.27   4.24   4.28   4.30
 190   4.23   4.26   4.22   4.27   4.44   4.25   4.70   4.68   4.25   4.27
