   0   3.81   3.83   3.37   3.54   3.68   3.58   3.46   3.64   3.46   3.56
  10   3.72   3.41   3.41   3.63   3.37   3.42   3.57   3.57   3.42   3.39
  20   3.41   3.48   3.40   3.40   3.39   3.42   3.54   3.35   3.56   3.40
  30   3.40   3.40   3.42   3.42   3.38   3.38   3.36   3.50   3.38   3.72
  40   3.41   3.41   3.39   3.38   3.39   3.36   3.35   3.49   3.40   3.72
  50   3.38   3.37   3.41   3.46   3.36   3.38   3.35   3.50   3.43   3.39
  60   3.42   3.39   3.40   3.48   3.40   3.47   3.56   3.43   3.47   3.42
  70   3.39   3.43   3.40   3.40   3.42   3.42   3.48   3.38   3.37   3.39
  80   3.44   3.40   3.50   3.38   3.42   3.45   3.43   3.42   3.40   3.39
  90   3.41   3.41   3.54   3.41   3.43   3.41   3.42   4.33   4.38   4.59
 100   4.35   4.33   4.33   4.39   4.38   4.30   4.38   4.59   4.37   4.66
 110   4.37   4.34   4.36   4.36   4.35   4.36   4.35   4.43   4.34   4.38
 120   4.37   4.33   4.34   4.34   4.32   4.38   4.42   4.33   4.79   4.37
 130   4.32   4.32   4.36   4.37   4.31   4.39   4.44   4.40   4.38   4.37
 140   4.36   4.37   4.32   4.33   4.34   4.36   4.43   4.35   4.35   4.36
 150   4.46   4.28   4.34   4.43   4.32   4.45   4.35   4.63   4.36   4.53
 160   4.41   4.29   4.32   4.31   4.37   4.33   4.42   4.35   4.35   4.35
 170   4.33   4.29   4.33   4.52   4.45   4.84   4.46   4.39   4.48   4.36
 180   4.42   4.54   4.48   4.82   5.30   4.35   4.37   4.33   4.38   4.39
 190   4.32   4.35   4.33  12.84   4.54   4.34   4.80   4.77   4.33   4.36
