   0   4.00   4.03   3.55   3.71   3.86   3.76   3.64   3.87   3.67   3.78
  10   3.92   3.60   3.62   3.81   3.56   3.59   3.73   3.74   3.60   3.57
  20   3.61   3.66   3.60   3.58   3.56   3.65   3.75   3.52   3.75   3.58
  30   3.59   3.59   3.59   3.59   3.55   3.57   3.53   3.98   3.52   3.87
  40   3.57   3.57   3.53   3.55   3.56   3.52   3.52   3.66   3.55   3.91
  50   3.54   3.53   3.57   3.61   3.52   3.54   3.51   3.68   3.61   3.56
  60   3.58   3.55   3.56   3.65   3.59   3.65   3.76   3.63   3.66   3.61
  70   3.58   3.61   3.57   3.59   3.63   3.61   3.67   3.54   3.54   3.57
  80   3.64   3.59   3.68   3.56   3.60   3.64   3.62   3.90   3.59   3.57
  90   3.60   3.60   3.74   3.62   3.63   3.61   3.60   4.53   4.57   4.81
 100   4.54   4.52   4.53   4.58   4.57   4.50   4.59   4.78   4.55   4.85
 110   4.56   4.54   4.55   4.55   4.54   4.55   4.52   4.61   4.52   4.59
 120   4.56   4.51   4.54   4.51   4.51   4.57   4.61   4.51   4.99   4.55
 130   4.50   4.51   4.56   4.56   4.50   4.62   4.67   4.64   4.57   4.58
 140   4.84   4.57   4.52   4.54   4.55   4.56   4.63   4.56   4.56   4.55
 150   4.67   4.47   4.52   4.62   4.51   4.67   4.55   4.83   4.56   4.72
 160   4.62   4.48   4.52   4.51   4.56   4.52   4.60   4.54   4.54   4.55
 170   4.52   4.47   4.52   4.70   4.64   5.02   4.70   4.61   4.70   4.57
 180   4.64   4.75   4.71   5.04   5.53   4.56   4.58   4.82   4.59   4.60
 190   4.52   4.57   4.54  13.05   4.77   4.54   5.02   4.98   4.54   4.56
