   0   3.33   1.12   1.11   1.65   1.22   1.22   1.16   1.09   1.16   1.18
  10   1.04   1.17   1.10   1.13   1.06   1.19   1.10   1.13   1.14   1.06
  20   1.10   1.10   1.12   1.07   1.13   1.09   1.14   1.09   1.10   1.14
  30   1.07   1.10   1.08   1.14   1.14   1.13   1.12   1.11   1.07   1.10
  40   1.07   1.14   1.08   1.11   1.18   1.07   1.15   1.12   1.13   1.12
  50   1.14   1.12   1.15   1.13   1.08   1.10   1.11   1.13   1.09   1.14
  60   1.12   1.14   1.10   1.14   1.17   1.16   1.13   1.12   1.10   1.10
  70   1.20   1.16   1.17   1.19   1.10   1.14   1.13   1.12   1.15   1.11
  80   1.23   1.12   1.09   1.13   1.16   1.72   1.16   1.12   1.16   1.16
  90   1.11   1.13   1.17   1.11   1.14   1.13   1.13   1.36   1.33   1.34
 100   1.48   1.35   1.34   1.37   1.32   1.41   1.34   1.40   1.38   1.33
 110   1.37   1.44   1.34   1.36   1.32   1.37   1.39   1.37   1.39   1.30
 120   1.37   1.35   1.37   1.41   1.34   1.37   1.39   1.36   1.38   1.37
 130   1.40   1.38   1.37   1.36   1.32   1.35   1.38   1.37   1.38   1.42
 140   1.40   1.38   1.35   1.44   1.41   1.36   1.36   1.34   1.35   1.36
 150   1.40   1.42   1.37   1.40   1.39   1.34   1.44   1.39   1.35   1.41
 160   1.38   1.37   1.35   1.39   1.44   1.36   1.40   1.36   1.41   1.40
 170   1.42   1.40   1.36   1.34   1.93   1.36   1.38   1.36   1.35   1.38
 180   1.34   1.38   1.37   1.41   1.36   1.38   1.35   1.36   1.34   1.33
 190   1.38   1.41   1.39   1.93   1.34   1.40   1.36   1.39   1.37   1.37
