   0   0.35   0.42   0.38   0.38   0.40   0.38   0.38   0.35   0.39   0.84
  10   0.72   0.43   0.42   0.38   0.38   0.39   0.38   0.34   0.40   0.74
  20   0.36   0.43   0.40   0.36   0.40   0.43   0.39   0.40   0.40   0.42
  30   0.39   0.42   0.41   0.41   0.44   0.40   0.39   0.40   0.39   0.38
  40   0.40   0.39   0.41   0.40   0.38   0.40   0.41   0.42   0.39   0.42
  50   1.05   0.41   0.40   0.40   0.47   0.45   0.44   0.47   0.46   0.42
  60   0.43   0.43   0.46   0.43   0.45   0.45   0.46   0.44   0.44   0.48
  70   0.47   0.46   0.45   0.46   0.47   0.45   0.36   0.41   0.45   0.38
  80   0.46   0.47   0.41   0.46   0.44   0.45   0.48   0.48   0.41   0.45
  90   0.46   0.45   0.45   0.45   0.42   0.47   0.44   0.43   0.47   0.46
 100   0.46   0.43   0.49   0.46   0.45   0.45   0.45   0.43   0.44   0.42
 110   0.49   0.46   0.44   0.44   0.48   0.46   0.46   0.43   0.45   0.43
 120   0.45   0.44   0.53   0.40   0.41   0.44   0.46   0.43   0.43   0.45
 130   0.45   0.45   0.47   0.45   0.48   0.46   0.41   0.49   0.46   1.11
 140   0.43   0.43   0.46   0.44   0.48   0.51   0.49   0.47   0.47   0.49
 150   0.46   0.46
