   0  21.90   5.32   5.10   4.39   4.32   4.43   4.70   4.33   4.72   4.28
  10   4.37   4.63   4.78   4.70   5.05   4.05   4.32   4.08   4.53   4.08
  20   4.04   4.05   4.14   4.18   4.51   4.42   3.96   3.79   3.80   3.82
  30   3.90   3.79   4.78   3.86   3.80   3.87   4.02   3.74   3.84   3.78
  40   4.36   4.23   4.16   3.76   4.39   3.84   3.84   3.80   3.77   3.85
  50   3.87   3.87   3.87   3.83   3.83   3.89   3.91   3.75   4.26   3.86
  60   4.41   3.89   3.82   3.88   3.86   3.84   3.95   3.97   3.79   3.85
  70   3.84   3.84   3.88   3.73   3.82   3.82   3.78   3.74   3.72   3.70
  80   3.69   3.76   3.81   4.10   3.82   5.08   3.67   3.72   4.45   3.77
  90   3.68   3.79   3.68   3.64   3.77   3.84   3.78   5.30   4.87   4.76
 100   4.71   4.69   4.74   4.81   4.61   4.65   4.91   5.16   5.32   4.75
 110   4.79   4.81   4.68   4.75   4.94   4.84   4.99   4.92   4.86   4.72
 120   5.44   5.16   4.86   4.87   4.74   4.65   5.02   5.57   5.16   4.83
 130   4.57   4.77   4.64   4.63   4.61   4.82   4.97   4.57   4.70   5.12
 140   4.64   4.69   4.84   4.74   4.72   4.89   4.85   4.80   4.65   4.74
 150   4.57   5.76   5.04   4.89   4.81   4.74   4.85   4.86   4.99   4.98
 160   4.66   4.80   5.01   4.87   4.91   4.84   5.09   4.86   4.81   4.67
 170   5.00   5.39   4.68   5.44   4.73   4.79   4.74   4.69   4.96   4.57
 180   4.62   4.99   4.84   5.03   4.78   4.84   4.62   4.76   4.82   4.76
 190   4.78   4.72   5.12  13.92   4.88   5.09   5.28   4.87   4.94   5.55
