   0  21.62   5.07   4.83   4.14   4.06   4.17   4.42   4.07   4.45   4.02
  10   4.09   4.36   4.53   4.43   4.80   3.81   4.08   3.83   4.29   3.84
  20   3.80   3.81   3.89   3.93   4.28   4.17   3.72   3.57   3.50   3.57
  30   3.64   3.56   3.97   3.67   3.62   3.68   3.82   3.55   3.62   3.56
  40   4.15   4.03   3.96   3.56   4.20   3.65   3.65   3.62   3.57   3.65
  50   3.66   3.66   3.67   3.63   3.65   3.67   3.69   3.55   4.06   3.66
  60   4.19   3.68   3.62   3.66   3.66   3.63   3.75   3.75   3.60   3.64
  70   3.64   3.64   3.67   3.53   3.60   3.61   3.59   3.54   3.51   3.50
  80   3.48   3.56   3.60   3.89   3.62   4.89   3.46   3.52   4.22   3.58
  90   3.47   3.59   3.49   3.43   3.56   3.63   3.57   5.10   4.66   4.55
 100   4.50   4.49   4.52   4.61   4.40   4.46   4.70   4.96   5.11   4.53
 110   4.58   4.61   4.48   4.54   4.74   4.63   4.78   4.68   4.64   4.51
 120   4.66   4.96   4.65   4.65   4.52   4.44   4.82   5.38   4.95   4.63
 130   4.36   4.57   4.42   4.41   4.39   4.60   4.74   4.37   4.51   4.93
 140   4.44   4.48   4.63   4.52   4.51   4.67   4.63   4.57   4.46   4.51
 150   4.37   5.53   4.79   4.67   4.60   4.53   4.64   4.64   4.77   4.77
 160   4.46   4.58   4.79   4.66   4.69   4.65   4.87   4.64   4.60   4.46
 170   4.78   5.16   4.46   5.21   4.50   4.56   4.52   4.48   4.74   4.37
 180   4.39   4.77   4.63   4.79   4.56   4.61   4.38   4.54   4.62   4.54
 190   4.54   4.50   4.89  13.71   4.65   4.87   5.06   4.64   4.71   4.76
