   0   3.90   4.89   4.68   4.00   3.92   4.00   4.23   3.93   4.27   3.85
  10   3.93   4.21   4.40   4.27   4.62   3.68   3.96   3.68   4.17   3.70
  20   3.67   3.68   3.73   3.81   4.17   4.03   3.59   3.43   3.38   3.44
  30   3.53   3.43   3.81   3.55   3.53   3.54   3.68   3.44   3.50   3.42
  40   3.99   3.91   3.83   3.44   4.08   3.53   3.53   3.50   3.44   3.53
  50   3.54   3.54   3.54   3.52   3.54   3.55   3.53   3.43   3.94   3.49
  60   4.03   3.55   3.51   3.53   3.53   3.53   3.63   3.63   3.47   3.52
  70   3.53   3.53   3.54   3.42   3.49   3.50   3.45   3.43   3.39   3.39
  80   3.34   3.45   3.49   3.77   3.52   4.78   3.36   3.39   4.08   3.46
  90   3.33   3.47   3.34   3.33   3.43   3.49   3.47   4.99   4.52   4.42
 100   4.39   4.39   4.39   4.50   4.29   4.36   4.57   4.85   4.98   4.39
 110   4.46   4.47   4.37   4.42   4.63   4.51   4.65   4.56   4.51   4.39
 120   4.53   4.84   4.53   4.54   4.39   4.33   4.67   5.26   4.81   4.49
 130   4.25   4.41   4.31   4.30   4.26   4.39   4.62   4.25   4.40   4.79
 140   4.33   4.36   4.53   4.39   4.39   4.55   4.50   4.41   4.35   4.40
 150   4.26   5.39   4.67   4.56   4.50   4.41   4.53   4.51   4.65   4.66
 160   4.34   4.47   4.68   4.55   4.55   4.54   4.77   4.52   4.46   4.35
 170   4.66   5.01   4.34   5.09   4.38   4.43   4.40   4.37   4.60   4.25
 180   4.26   4.65   4.51   4.66   4.43   4.46   4.28   4.37   4.52   4.40
 190   4.42   4.39   4.77   4.52   4.53   4.76   4.93   4.52   4.58   4.64
