   0   0.36   0.33   0.34   0.35   0.37   0.37   0.39   0.37   0.34   0.33
  10   0.36   0.37   0.33   0.33   0.35   0.35   0.35   0.36   0.36   0.36
  20   0.36   0.34   0.37   0.35   0.35   0.38   0.38   0.37   0.36   0.31
  30   0.32   0.34   0.34   0.36   0.33   0.68   0.35   0.37   0.34   0.35
  40   0.35   0.31   0.34   0.35   0.36   0.89   0.36   0.39   0.36   0.40
  50   0.38   0.41   0.38   0.39   0.37   0.37   0.35   0.36   0.37   0.38
  60   0.36   0.38   0.37   0.39   0.37   0.73   0.37   0.40   0.35   0.36
  70   0.37   0.37   0.39   0.43   0.39   0.38   0.38   0.39   0.35   0.37
  80   0.36   0.42   0.40   0.65   0.39   0.36   0.39   0.39   0.41   0.36
  90   0.38   0.38   0.35   0.43   0.38   0.37   0.40   0.37   0.38   0.37
 100   0.39   0.38   0.39   0.42   0.39   0.39   0.38   0.44   0.41   0.40
 110   0.42   0.37   0.39   0.40   0.37   0.42   0.39   0.41   0.43   0.38
 120   0.43   0.40   0.34   0.38   0.78   0.40   0.35   0.38   0.37   0.41
 130   0.37   0.39   0.36   0.37   0.94   0.71   0.44   0.39   0.43   0.42
 140   0.44   0.41   0.37   0.40   0.40   0.38   0.37
