   0   0.32   0.29   0.34   0.32   0.32   0.33   0.33   0.38   0.32   0.32
  10   0.34   0.36   0.31   0.31   0.35   0.29   0.37   0.33   0.34   0.38
  20   0.37   0.38   0.35   0.31   0.35   0.35   0.39   0.36   0.34   0.32
  30   0.31   0.37   0.35   0.36   0.36   0.34   0.35   0.35   0.35   0.32
  40   0.33   0.33   0.34   0.30   0.34   0.34   0.34   0.33   0.38   0.32
  50   0.36   0.34   0.33   0.32   0.34   0.34   0.32   0.32   0.33   0.33
  60   0.37   0.31   0.34   0.37   0.34   0.92   0.37   0.38   0.34   0.34
  70   0.37   0.35   0.36   0.36   0.36   0.39   0.35   0.36   0.36   0.40
  80   0.38   0.36   0.39   0.37   0.38   0.37   0.35   0.36   0.40   0.36
  90   0.36   0.38   0.38   0.36   0.36   0.35   0.36   0.38   0.37   0.37
 100   0.36   0.35   0.38   0.41   0.37   0.41   0.38   0.36   0.40   0.38
 110   0.35   0.38   0.37   0.36   0.37   0.36   0.39   0.34   0.38   0.36
 120   0.39   0.38   0.78   0.38   0.45   0.36   0.36   0.37   0.36   0.35
 130   0.35   0.36   0.36   0.37   0.40   0.37   0.39   0.42   0.43   0.35
 140   0.44   0.39   0.38   0.36   0.36   0.45   0.37   0.39   0.40   0.44
 150   0.37   0.43   0.39   0.39   0.97   0.40   0.36   0.38   0.40   0.40
 160   0.45   0.40   0.39   0.67   0.40   0.38   0.37
