   0   0.55   0.53   0.47   0.38   0.48   0.54   0.48   0.53   0.47   0.47
  10   0.49   0.49   0.52   0.54   0.49   0.48   0.39   0.52   0.42   0.49
  20   0.48   0.49   0.49   0.49   0.48   0.47   0.48   0.49   0.46   0.49
  30   0.49   0.51   0.48   0.48   0.49   0.49   0.49   0.48   0.48   0.47
  40   0.49   0.49   0.40   0.48   0.47   0.54   0.50   0.50   0.50   0.50
  50   0.50   0.38   0.49   0.49   0.47   0.48   0.48   0.48   0.47   0.42
  60   0.49   0.47   0.48   0.38   0.60   0.62   0.48   0.47   0.47   0.47
  70   0.71   0.47   0.50   0.47   0.49   0.50   0.46   0.41   0.48   0.48
  80   0.50   0.37   0.49   0.43   0.44   0.50   0.49   0.48   0.49   0.48
  90   0.49   0.48   0.48   0.51   0.48   0.48   0.48   1.61   1.51   1.50
 100   1.78   1.45   1.51   2.00   1.62   1.49   1.42   1.53   1.59   1.46
 110   1.52   1.48   1.59   1.51   1.64   1.53   1.51   1.51   1.43   1.54
 120   1.47   1.52   1.69   1.47   1.47   1.48   1.47   1.49   1.42   1.54
 130   1.51   1.52   1.50   1.50   1.54   1.44   1.45   1.54   1.44   1.50
 140   1.64   1.51   1.62   1.47   1.53   1.49   1.51   1.51   1.52   1.47
 150   1.52   1.46   1.48   1.48   1.55   1.37   1.64   1.52   1.55   1.48
 160   1.53   1.51   1.52   1.74   1.51   1.50   1.45   1.48   1.38   1.43
 170   1.58   1.49   1.45   1.61   1.53   1.53   1.47   1.46   1.40   1.52
 180   1.95   1.45   1.42   1.54   1.66   1.52   1.56   1.44   1.50   1.41
 190   1.55   1.50   1.52   1.50   1.47   1.42   1.48   1.53   1.52   1.66
