   0   0.47   0.45   0.46   0.46   0.41   0.42   0.41   0.41   0.45   0.50
  10   0.46   0.45   0.45   0.46   0.47   0.48   0.42   0.46   0.41   0.43
  20   0.41   0.43   0.42   0.42   0.43   0.41   0.46   0.48   0.47   0.42
  30   0.41   0.48   0.46   0.46   0.42   0.44   0.46   0.41   0.41   0.41
  40   0.54   0.48   0.42   0.41   0.46   0.75   0.49   0.43   0.44   0.49
  50   0.42   0.42   0.48   0.47   0.41   0.41   0.46   0.41   0.46   0.46
  60   0.41   0.41   0.46   0.41   0.49   0.53   0.41   0.41   0.41   0.41
  70   0.41   0.41   0.41   0.42   0.42   0.48   0.42   0.41   0.46   0.41
  80   0.42   0.41   0.41   0.41   0.46   0.59   0.42   0.41   0.42   0.41
  90   0.41   0.40   0.41   0.48   0.41   0.41   0.41   0.54   0.59   0.59
 100   0.61   0.54   0.59   0.53   0.59   0.54   0.59   0.53   0.54   0.57
 110   0.52   0.57   0.56   0.57   0.52   0.54   0.58   0.54   0.52   0.61
 120   0.59   0.61   0.55   0.52   0.59   0.52   0.58   0.54   0.52   0.54
 130   0.52   0.57   0.54   0.52   0.54   0.57   0.58   0.59   0.52   0.58
 140   0.59   0.58   0.56   0.74   0.61   0.59   0.54   0.59   0.53   0.59
 150   0.52   0.59   0.59   0.53   0.57   0.57   0.57   0.55   0.57   0.54
 160   0.53   0.59   0.57   0.54   0.54   0.52   0.52   0.53   0.54   0.58
 170   0.61   0.59   0.53   0.56   0.59   0.56   0.54   0.53   0.53   0.54
 180   0.55   0.52   0.57   0.61   0.56   0.55   0.61   0.55   0.54   0.59
 190   0.53   0.55   0.57   0.52   0.57   0.57   0.59   0.56   0.55   0.61
