   0   1.33   1.05   1.01   0.92   0.97   1.04   0.96   1.01   1.02   1.05
  10   1.02   1.00   1.06   1.06   1.04   1.02   0.90   1.06   0.89   0.99
  20   0.98   0.99   0.99   0.98   1.00   0.94   1.00   1.04   1.02   0.98
  30   0.96   1.06   1.03   1.00   0.98   1.02   1.03   0.95   0.96   0.96
  40   1.13   1.04   0.90   0.95   1.04   1.37   1.06   1.01   1.03   1.06
  50   1.00   0.87   1.07   1.04   0.96   0.97   1.03   0.97   1.01   0.96
  60   1.01   0.96   1.02   0.86   1.24   1.27   0.97   0.95   0.97   0.96
  70   1.18   0.95   1.01   0.97   0.98   1.07   0.97   0.89   1.01   0.95
  80   1.00   0.84   0.97   0.91   0.98   1.18   0.98   0.96   0.99   0.95
  90   0.98   0.95   1.00   1.08   0.97   0.97   0.99   2.23   2.17   2.18
 100   2.50   2.08   2.18   2.61   2.33   2.12   2.08   2.15   2.23   2.11
 110   2.11   2.11   2.23   2.14   2.23   2.14   2.18   2.12   2.01   2.22
 120   2.14   2.19   2.31   2.05   2.16   2.07   2.12   2.11   2.03   2.15
 130   2.10   2.16   2.13   2.09   2.14   2.09   2.12   2.21   2.02   2.15
 140   2.33   2.17   2.26   2.28   2.23   2.17   2.11   2.18   2.16   2.14
 150   2.12   2.13   2.17   2.09   2.20   2.03   2.30   2.14   2.20   2.08
 160   2.14   2.17   2.16   2.35   2.13   2.10   2.04   2.08   2.00   2.08
 170   2.25   2.15   2.08   2.23   2.19   2.16   2.09   2.05   2.00   2.13
 180   2.59   2.04   2.06   2.22   2.30   2.14   2.24   2.06   2.13   2.07
 190   2.16   2.12   2.21   3.14   2.12   2.06   2.19   2.18   2.15   2.36
