   0   1.57   1.24   1.22   1.14   1.20   1.25   1.19   1.23   1.23   1.29
  10   1.56   1.19   1.26   1.25   1.22   1.21   1.09   1.26   1.09   1.18
  20   1.16   1.20   1.20   1.18   1.20   1.13   1.20   1.25   1.21   1.19
  30   1.16   1.27   1.23   1.20   1.19   1.23   1.24   1.16   1.18   1.20
  40   1.45   1.26   1.09   1.13   1.29   1.59   1.28   1.25   1.25   1.30
  50   1.23   1.11   1.31   1.22   1.14   1.21   1.27   1.22   1.23   1.19
  60   1.25   1.21   1.58   1.08   1.48   1.50   1.20   1.19   1.17   1.18
  70   1.40   1.16   1.25   1.20   1.19   1.31   1.19   1.06   1.17   1.12
  80   1.22   1.04   1.20   1.12   1.21   1.48   1.20   1.17   1.20   1.17
  90   1.21   1.17   1.25   1.31   1.22   1.17   1.19   2.47   2.42   2.42
 100   2.80   2.32   2.43   2.86   2.57   2.37   2.33   2.40   2.76   2.28
 110   2.33   2.34   2.46   2.36   2.45   2.35   2.40   2.36   2.18   2.45
 120   2.36   2.41   2.53   2.28   2.34   2.29   2.35   2.31   2.27   2.37
 130   2.31   2.38   2.36   2.31   2.37   2.32   2.29   2.41   2.24   2.40
 140   2.58   2.40   2.52   2.53   2.46   2.42   2.36   2.43   2.41   2.34
 150   2.32   2.38   2.46   2.34   2.46   2.28   2.54   2.38   2.46   2.68
 160   2.36   2.39   2.39   2.53   2.32   2.32   2.27   2.30   2.23   2.31
 170   2.49   2.39   2.31   2.47   2.42   2.40   2.33   2.29   2.23   2.37
 180   2.78   2.30   2.29   2.48   2.55   2.37   2.48   2.31   2.37   2.30
 190   2.42   2.38   2.47   3.41   2.34   2.32   2.45   2.47   2.41   2.96
