   0  19.51  17.71  18.83  18.59  17.76  19.38  18.24  18.71  18.28  17.64
  10  18.90  17.64  18.55  18.49  17.63  18.47  18.41  18.50  18.50  19.18
  20  17.45  18.52  17.52  18.53  17.61  17.69  18.56  18.49  18.87  18.21
  30  18.56  18.45  18.38  18.52  18.49  18.32  18.72  17.50  18.56  18.42
  40  18.38  18.61  18.56  17.72  18.46  18.54  18.44  18.21  18.30  17.80
  50  18.44  18.59  18.34  18.42  18.16  18.58  18.52  18.46  18.66  17.61
  60  18.74  18.53  18.08  18.57  18.60  17.52  18.01  18.42  18.49  18.27
  70  17.56  18.63  17.60  18.67  18.41  18.44  18.26  18.67  17.80  18.33
  80  18.26  18.42  18.49  18.23  18.13  17.77  17.67  18.65  17.76  18.70
  90  18.26  18.17  18.69  17.84  17.85  18.42  18.60  97.29  96.87  96.83
 100 101.30  98.02  98.11  97.97  97.62  96.81  97.18  97.46  98.75  97.43
 110  97.79  96.30  96.98  96.26  95.83  97.68  95.91  96.16  95.70  97.38
 120  96.40  96.27  97.40  96.76  95.77  97.17  95.43  95.85  94.86  96.65
 130  95.95  96.10  96.73  97.26  97.12  96.60  96.26  96.21  95.67  96.05
 140  97.06  95.60  96.10  95.34  95.87  95.99  96.64  97.13  96.31  97.25
 150  97.43  97.56  97.41  97.11  96.11  96.65  96.89  96.76  97.66  95.99
 160  97.00  96.78  96.66  96.80  96.40  95.82  96.17  95.82  96.98  97.04
 170  96.91  96.76  98.29  96.13  97.41  96.79  96.83  97.21  98.27  96.64
 180  94.43  96.99  96.40  97.91  97.71  97.17  97.18  97.17  97.31  98.11
 190  97.21  97.27  97.27 101.97  97.41  96.28  98.92  95.72  96.79  97.53
