   0  19.77  17.93  19.02  18.78  17.98  19.57  18.42  18.89  18.49  18.13
  10  19.04  17.79  18.71  18.63  17.77  18.59  18.55  18.67  18.64  19.31
  20  17.57  18.67  17.65  18.67  17.77  17.86  18.69  18.62  19.03  18.36
  30  18.68  18.60  18.54  18.68  18.63  18.47  18.89  17.64  18.68  18.58
  40  18.52  18.77  18.71  17.85  18.60  18.69  18.57  18.34  18.47  17.92
  50  18.56  18.75  18.50  18.60  18.29  18.74  18.68  18.59  18.85  17.79
  60  18.90  19.00  18.24  18.74  18.75  17.70  18.18  18.57  18.66  18.45
  70  17.70  18.78  17.79  18.85  18.56  18.59  18.44  18.85  17.98  18.46
  80  18.45  18.58  18.63  18.44  18.27  17.93  17.82  18.84  17.95  18.88
  90  18.43  18.37  18.87  18.05  18.01  18.61  18.79  97.47  97.06  97.01
 100 101.52  98.20  98.30  98.16  97.82  97.02  97.38  97.98  98.94  97.62
 110  98.00  96.51  97.18  96.46  96.03  97.88  96.13  96.37  95.89  97.56
 120  96.58  96.43  97.58  96.95  95.95  97.35  95.61  96.02  95.03  96.83
 130  96.12  96.28  96.90  97.46  97.33  96.79  96.44  96.38  95.84  96.22
 140  97.24  95.79  96.28  95.51  96.05  96.17  96.82  97.31  96.48  97.46
 150  97.64  97.76  97.62  97.32  96.31  96.87  97.08  96.96  98.14  96.22
 160  97.19  96.97  96.86  97.03  96.60  96.01  96.37  96.03  97.20  97.24
 170  97.11  96.97  98.50  96.38  97.62  97.00  97.04  97.43  98.52  96.85
 180  94.64  97.21  96.64  98.14  97.94  97.40  97.39  97.41  97.56  98.32
 190  97.43  97.51  97.50 102.21  97.64  96.51  99.14  95.94  97.03  98.05
