   0  11.40  10.81  12.02  11.88  10.85  12.26  11.56  11.82  11.60  10.90
  10  11.91  11.04  11.88  11.81  10.94  11.85  11.85  11.86  11.88  12.48
  20  10.85  11.88  10.89  11.89  10.87  11.00  11.90  11.89  11.94  11.61
  30  11.91  11.83  11.78  11.85  11.83  11.61  12.05  10.86  11.82  11.82
  40  11.78  11.93  11.87  11.06  11.84  11.89  11.83  11.69  11.68  11.13
  50  11.82  11.92  11.74  11.75  11.56  11.92  11.79  11.83  11.79  10.93
  60  12.01  11.81  11.41  11.81  11.82  10.83  11.31  11.80  11.87  11.63
  70  10.98  11.95  10.94  11.93  11.66  11.77  11.53  11.94  11.16  11.67
  80  11.61  11.74  11.87  11.56  11.45  10.98  10.95  11.99  10.92  11.90
  90  11.27  11.16  11.88  11.07  11.10  11.67  11.74  88.53  88.18  88.05
 100  92.60  89.32  89.34  88.74  88.94  87.94  88.51  87.93  90.03  88.74
 110  89.17  87.70  88.17  87.66  87.00  88.64  87.18  87.50  87.13  87.87
 120  87.84  87.80  87.77  87.31  87.09  88.59  86.94  87.33  86.38  88.12
 130  87.47  87.58  88.22  88.60  88.54  87.80  87.79  87.71  87.16  87.47
 140  88.10  87.01  87.58  86.77  87.34  87.50  88.17  88.61  87.75  88.61
 150  88.85  89.01  88.84  88.55  87.58  87.92  88.30  88.05  88.60  87.35
 160  87.58  87.30  88.03  88.15  87.68  87.14  87.62  87.29  88.23  88.36
 170  88.34  88.18  89.68  87.48  88.63  88.10  88.26  88.49  89.58  87.93
 180  85.73  88.18  87.66  88.42  88.19  88.55  87.95  88.22  88.60  88.46
 190  87.62  87.68  87.85  89.13  88.82  87.63  89.35  86.13  88.21  88.36
