   0   3.74   3.30   3.45   3.29   3.27   3.30   3.27   3.29   3.27   3.32
  10   3.33   3.27   3.31   3.29   3.32   3.25   3.26   3.28   3.29   3.31
  20   3.27   3.27   3.27   3.29   3.33   3.30   3.29   3.28   3.27   3.28
  30   3.29   3.27   3.27   3.28   3.29   3.30   3.30   3.28   3.28   3.28
  40   3.26   3.29   3.31   3.29   3.28   3.27   3.27   3.24   3.27   3.28
  50   3.28   3.31   3.27   3.28   3.27   3.30   3.35   3.27   3.33   3.29
  60   3.32   3.30   3.30   3.30   3.31   3.30   3.26   3.28   3.30   3.27
  70   3.25   3.31   3.29   3.29   3.31   3.30   3.33   3.32   3.27   3.32
  80   3.28   3.32   3.27   3.27   3.32   3.29   3.26   3.29   3.30   3.31
  90   3.30   3.33   3.41   3.34   3.31   3.29   3.43   4.25   4.22   4.23
 100   4.32   4.25   4.25   4.73   4.26   4.42   4.30   4.72   4.26   4.23
 110   4.26   4.24   4.29   4.27   4.37   4.26   4.24   4.21   4.26   4.69
 120   4.20   4.19   4.76   4.69   4.25   4.25   4.20   4.20   4.20   4.22
 130   4.21   4.21   4.23   4.25   4.26   4.21   4.21   4.20   4.21   4.20
 140   4.23   4.20   4.23   4.27   4.24   4.21   4.19   4.23   4.25   4.22
 150   4.24   4.24   4.24   4.23   4.24   4.24   4.26   4.27   4.62   4.25
 160   4.69   4.67   4.23   4.21   4.25   4.24   4.24   4.22   4.30   4.29
 170   4.24   4.24   4.26   4.25   4.35   4.23   4.22   4.24   4.25   4.24
 180   4.29   4.26   4.25   4.70   4.73   4.27   4.38   4.24   4.26   4.73
 190   4.70   4.74   4.70   4.25   4.23   4.22   4.71   4.72   4.23   4.32
