   0   0.33   0.34   0.33   0.32   0.34   0.37   0.73   0.69   0.34   0.37
  10   0.35   0.34   0.35   0.31   0.33   0.33   0.33   0.34   0.36   0.35
  20   0.31   0.33   0.38   0.34   0.35   0.35   0.35   0.37   0.34   0.33
  30   0.35   0.35   0.39   0.67   0.34   0.38   0.34   0.33   0.34   0.31
  40   0.33   0.32   0.33   0.38   0.34   0.36   0.32   0.33   0.34   0.33
  50   0.35   0.88   0.38   0.72   0.76   0.36   0.35   0.38   0.37   0.40
  60   0.41   0.35   0.40   0.36   0.41   0.37   0.41   0.38   0.40   0.39
  70   0.39   0.39   0.39   0.39   0.38   0.40   0.38   0.39   0.36   0.37
  80   0.40   0.36   0.42   0.39   0.39   0.42   0.37   0.39   0.41   0.41
  90   0.41   0.40   0.39   0.41   0.39   0.35   0.39   0.45   0.43   0.39
 100   0.43   0.40   0.39   0.38   0.37   0.38   0.38   0.39   0.36   0.39
 110   0.42   0.39   0.38   0.40   0.41   0.38   0.36   0.41   0.37   0.39
 120   0.38   0.39   0.38   0.41   0.39   0.36   0.45   0.37   0.39   0.40
 130   0.41   0.38   0.39   0.38   0.41   0.38   0.40   0.43   0.37   0.39
 140   0.88   0.40   0.43   0.39   0.40   0.39   0.42   0.42   0.36   0.44
 150   0.41   0.39   0.40
