   0   0.44   2.69   2.72   2.55   2.57   2.53   2.66   2.61   2.65   2.52
  10   2.60   2.73   2.59   2.67   2.51   2.59   2.50   2.55   2.58   2.53
  20   2.54   2.68   3.69   2.51   2.58   2.52   2.43   2.51   2.54   2.58
  30   2.49   2.53   2.59   2.58   2.55   2.57   2.52   2.55   2.52   2.58
  40   2.69   2.72   2.73   2.68   2.70   2.71   2.86   2.63   2.80   2.78
  50   2.78   2.70   2.75   2.73   2.69   3.30   2.64   2.61   2.47   2.59
  60   2.54   2.57   2.52   2.61   3.12   2.60   2.67   2.56   2.59   2.66
  70   2.68   2.66   2.68   2.74   2.82   2.80   2.79   2.78   2.77   2.74
  80   2.75   2.90   2.95   2.92   4.04   2.95   2.97   3.02   3.09   3.09
  90   3.05   3.11   3.16   3.03   2.92   2.87   2.83   2.87   0.67   0.70
 100   0.65   0.64   0.64   0.65   0.63   0.65   0.61   0.60   0.57   0.64
 110   0.61   0.57   0.53   0.61   0.52   0.52   0.58   0.53   0.52   0.52
 120   0.52   0.52   0.57   0.52   0.52   0.52   0.56   0.52   0.55   0.52
 130   0.57   0.52   0.58   0.52   0.57   0.52   0.52   0.52   0.59   0.54
 140   0.53   0.59   0.53   0.52   0.53   1.29   0.53   0.52   0.57   0.58
 150   0.61   0.53   0.56   0.58   0.52   0.59   0.61   0.55   0.58   0.55
 160   0.61   0.55   0.52   0.52   0.52   0.58   0.53   0.61   0.52   0.53
 170   0.57   0.61   0.54   0.61   0.61   0.52   0.54   0.54   0.55   0.55
 180   0.52   0.58   0.54   0.54   0.55   0.59   0.52   0.59   0.91   0.58
 190   0.57   0.58   0.53   0.51   0.56   0.54   0.59   0.54   0.59   0.52
