   0   0.75   2.80   2.81   2.64   2.67   2.63   2.77   2.72   2.77   2.62
  10   2.69   2.83   2.71   2.78   2.60   2.69   2.62   2.66   2.68   2.62
  20   2.67   2.79   3.79   2.60   2.70   2.63   2.53   2.62   2.66   2.68
  30   2.59   2.64   2.73   2.69   2.65   2.67   2.66   2.66   2.62   2.69
  40   2.82   2.82   2.84   2.81   2.82   2.82   2.98   2.74   2.94   2.90
  50   2.91   2.81   2.89   2.84   2.80   3.42   2.78   2.71   2.58   2.71
  60   2.67   2.68   2.63   2.71   3.24   2.70   2.78   2.66   2.72   2.77
  70   2.80   2.77   2.81   2.85   2.93   2.91   2.95   2.90   2.88   2.85
  80   2.88   3.02   3.06   3.03   4.17   3.07   3.08   3.12   3.22   3.20
  90   3.17   3.22   3.30   3.15   3.04   2.98   2.94   2.99   0.77   0.80
 100   0.77   0.74   0.73   0.74   0.74   0.74   0.70   0.69   0.68   0.73
 110   0.71   0.67   0.65   0.73   0.61   0.63   0.70   0.63   0.62   0.62
 120   0.64   0.62   0.66   0.62   0.64   0.63   0.67   0.62   0.67   0.63
 130   0.67   0.62   0.70   0.61   0.67   0.62   0.64   0.61   0.69   0.64
 140   0.66   0.70   0.66   0.62   0.66   1.40   0.63   0.63   0.69   0.68
 150   0.72   0.63   0.68   0.67   0.60   0.69   0.73   0.64   0.68   0.65
 160   0.73   0.65   0.63   0.61   0.64   0.68   0.63   0.72   0.64   0.63
 170   0.66   0.70   0.65   0.71   0.70   0.61   0.65   0.63   0.64   0.64
 180   0.63   0.67   0.63   0.65   0.66   0.68   0.61   0.69   1.02   0.69
 190   0.67   0.70   0.63   1.76   0.69   0.64   0.71   0.63   0.68   0.62
