   0   0.98   3.00   3.00   3.44   2.84   2.82   2.95   2.90   2.93   2.79
  10   2.87   3.01   2.89   2.96   2.79   2.89   2.81   2.84   2.88   2.80
  20   2.86   2.99   3.98   2.78   2.89   2.82   2.73   2.83   2.86   2.88
  30   2.80   2.85   2.94   2.88   2.86   2.89   2.87   2.83   2.82   2.88
  40   3.03   3.03   3.06   3.04   3.02   3.04   3.22   2.95   3.17   3.13
  50   3.14   3.03   3.09   3.06   3.02   3.64   3.00   2.94   2.79   2.93
  60   2.89   2.89   2.84   2.92   3.44   2.90   2.96   2.83   2.93   2.99
  70   3.02   2.98   3.04   3.08   3.15   3.15   3.17   3.12   3.11   3.09
  80   3.11   3.25   3.29   3.26   4.39   3.98   3.29   3.36   3.46   3.44
  90   3.41   3.45   3.54   3.38   3.28   3.21   3.17   3.21   1.03   1.04
 100   1.00   0.97   0.95   0.96   0.96   0.94   0.90   0.92   0.88   0.95
 110   0.97   0.90   0.89   0.98   0.84   0.87   0.94   0.84   0.86   0.84
 120   0.87   0.86   0.90   0.84   0.87   0.90   0.91   0.86   0.90   0.86
 130   0.91   0.86   0.95   0.84   0.92   0.87   0.88   0.84   0.93   0.87
 140   0.89   0.96   0.93   0.84   0.91   1.65   0.87   0.86   0.92   0.92
 150   0.97   0.86   0.93   0.90   0.82   0.93   0.96   0.89   0.91   0.90
 160   0.99   0.89   0.87   0.84   0.88   0.93   0.86   0.97   0.87   0.88
 170   0.90   0.95   0.89   0.94   1.55   0.82   0.88   0.85   0.87   0.85
 180   0.86   0.89   0.87   0.89   0.90   0.91   0.85   0.92   1.27   0.98
 190   0.91   0.97   0.87   2.00   0.94   0.88   0.95   0.86   0.92   0.85
