   0   1.29   1.07   1.07   1.58   1.03   1.05   1.14   1.01   1.04   1.08
  10   1.03   1.02   1.02   1.06   1.03   1.01   1.10   1.04   1.04   1.05
  20   1.17   1.04   1.01   1.02   1.01   1.02   1.02   1.00   1.02   1.02
  30   1.01   1.03   1.04   1.03   1.02   1.05   1.04   1.02   1.00   1.02
  40   1.02   1.01   1.02   1.02   1.02   1.05   1.02   1.01   1.02   1.02
  50   1.00   1.02   1.02   1.03   1.00   1.01   1.01   1.00   1.01   1.01
  60   1.03   1.02   1.04   1.04   1.03   1.02   1.06   1.06   1.04   1.02
  70   1.04   1.03   1.03   1.02   1.00   1.03   1.18   1.02   1.04   1.04
  80   1.03   1.03   1.02   1.02   1.05   1.60   1.02   1.02   1.07   1.04
  90   1.02   1.02   1.05   1.02   1.01   1.08   1.05   1.26   1.27   1.24
 100   1.27   1.25   1.26   1.27   1.26   1.23   1.27   1.27   1.27   1.26
 110   1.27   1.27   1.29   1.25   1.28   1.29   1.26   1.25   1.37   1.27
 120   1.41   1.29   1.27   1.27   1.34   1.28   1.24   1.27   1.30   1.26
 130   1.28   1.27   1.27   1.27   1.27   1.27   1.29   1.26   1.27   1.26
 140   1.40   1.37   1.37   1.30   1.28   1.28   1.27   1.34   1.36   1.27
 150   1.33   1.27   1.28   1.28   1.37   1.31   1.33   1.32   1.32   1.31
 160   1.32   1.32   1.31   1.32   1.31   1.33   1.31   1.34   1.39   1.43
 170   1.33   1.42   1.44   1.41   1.98   1.34   1.34   1.43   1.32   1.43
 180   1.34   1.32   1.34   1.33   1.36   1.36   1.33   1.32   1.34   1.28
 190   1.32   1.45   1.34   1.84   1.36   1.33   1.41   1.32   1.32   1.32
