   0   0.53   0.30   0.32   0.31   0.33   0.31   0.34   0.33   0.35   0.32
  10   0.32   0.30   0.36   0.35   0.46   0.37   0.91   0.35   0.37   0.34
  20   0.39   0.35   0.34   0.34   0.37   0.32   0.35   0.36   0.33   0.36
  30   0.34   0.34   0.35   0.34   0.37   0.38   0.36   0.34   0.32   0.36
  40   0.33   0.32   0.33   0.33   0.36   0.32   0.31   0.34   0.36   0.34
  50   0.34   0.31   0.35   0.32   0.34   0.33   0.33   0.33   0.32   0.32
  60   0.34   0.33   0.32   0.33   0.34   0.33   0.34   0.35   0.35   0.35
  70   0.34   0.35   0.35   0.34   0.33   0.32   0.37   0.33   0.37   0.33
  80   0.35   0.32   0.33   0.35   0.38   0.34   0.31   0.32   0.38   0.33
  90   0.32   0.34   0.34   0.35   0.32   0.32   0.35   0.35   0.88   0.35
 100   0.36   0.34   0.35   0.34   0.37   0.35   0.37   0.36   0.37   0.34
 110   0.35   0.34   0.40   0.36   0.37   0.36   0.39   0.38   0.39   0.36
 120   0.35   0.36   0.34   0.33   0.37   0.35   0.34   0.33   0.35   0.35
 130   0.33   0.35   0.35   0.35   0.35   0.37   0.35   0.34   0.33   0.34
 140   0.36   0.35   0.32   0.34   0.36   0.34   0.36   0.35   0.34   0.35
 150   0.33   0.35   0.36   0.34   0.33   0.34   0.36   0.33   0.35   0.33
 160   0.36   0.32   0.35   0.33   0.38   0.35   0.36   0.35   0.38   0.34
 170   0.36   0.37   0.36   0.37   0.33   0.35   0.36   0.35   0.34   0.33
 180   0.38   0.35   0.35   0.34   0.37   0.35   0.36   0.86   0.35   0.34
 190   0.36   0.34   0.37   0.41   0.35   0.36   0.37   0.36   0.35   0.35
