   0   0.65   0.68   0.71   0.75   0.34   0.33   0.62   0.35   0.36   0.35
  10   0.35   0.38   0.38   0.35   0.31   0.39   0.33   0.37   0.38   0.33
  20   0.36   0.33   0.34   0.31   0.32   0.35   0.29   0.33   0.30   0.31
  30   0.37   0.35   0.34   0.37   0.33   0.31   0.32   0.36   0.70   0.34
  40   0.64   0.70   0.33   0.34   0.33   0.36   0.34   0.35   0.36   0.75
  50   0.70   0.71   0.34   0.40   0.33   0.37   0.38   0.90   0.37   0.39
  60   0.39   0.41   0.40   0.36   0.41   0.39   0.40   0.36   0.42   0.71
  70   0.36   0.39   0.36   0.34   0.34   0.35   0.39   0.39   0.35   0.38
  80   0.37   0.36   0.36   0.73   0.39   0.40   0.36   0.37   0.42   0.36
  90   0.38   0.37   0.42   0.38   0.39   0.39   0.42   0.36   0.40   0.39
 100   0.43   0.42   0.43   0.37   0.39   0.41   0.37   0.40   0.42   0.37
 110   0.39   0.42   0.39   0.43   0.38   0.69   0.38   0.43   0.40   0.40
 120   0.41   0.69   0.44   0.41   0.37   0.41   0.39   0.40   0.44   0.42
 130   0.40   0.37   0.36   0.44   0.38   0.38   0.75   0.40   0.78   0.72
 140   0.69   0.40   0.68   0.75   0.78   0.40   0.97   0.45   0.81   0.84
 150   0.74   0.76   0.41   0.74   0.73   0.77   0.70   0.78   0.42
