   0   0.32   0.34   0.37   0.69   0.33   0.62   0.33   0.34   0.34   0.34
  10   0.36   0.32   0.33   0.33   0.34   0.34   0.32   0.32   0.33   0.34
  20   0.34   0.31   0.34   0.38   0.33   0.39   0.39   0.36   0.33   0.37
  30   0.42   0.34   0.36   0.33   0.33   0.37   0.31   0.34   0.34   0.33
  40   0.34   0.30   0.30   0.34   0.71   0.32   0.34   0.36   0.34   0.35
  50   0.34   0.35   0.39   0.42   0.32   0.36   0.72   0.90   0.67   0.40
  60   0.34   0.38   0.39   0.40   0.39   0.37   0.36   0.37   0.38   0.37
  70   0.37   0.39   0.37   0.41   0.39   0.40   0.37   0.39   0.38   0.41
  80   0.35   0.36   0.38   0.35   0.42   0.36   0.39   0.40   0.39   0.45
  90   0.38   0.36   0.38   0.37   0.35   0.36   0.34   0.37   0.35   0.38
 100   0.37   0.37   0.38   0.37   0.36   0.38   0.36   0.37   0.35   0.38
 110   0.36   0.38   0.40   0.73   0.39   0.36   0.38   0.38   0.36   0.38
 120   0.35   0.38   0.36   0.38   0.75   0.79   0.82   0.41   0.39   0.35
 130   0.41   0.38   0.40   0.39   0.37   0.40   0.38   0.38   0.40   0.37
 140   0.38   0.44   0.40   0.39   0.38   0.41   0.89   0.68   0.77   0.43
 150   0.38   0.41   0.44   0.40   0.43   0.37   0.39   0.38   0.40
