   0   7.42   8.11   7.24   7.23   6.97   7.02   7.19   7.02   7.08   7.15
  10   6.96   7.00   6.97   6.97   7.21   6.96   6.99   6.95   6.95   6.94
  20   6.93   7.06   7.04   6.97   6.97   6.99   6.95   7.02   6.96   6.97
  30   7.00   6.95   7.01   6.95   6.99   6.98   6.96   7.23   6.95   6.95
  40   6.96   6.93   6.91   6.94   6.97   7.00   6.89   6.96   6.94   6.93
  50   6.96   6.97   6.92   6.98   6.94   6.93   7.00   6.98   6.95   6.98
  60   6.96   6.93   7.88   6.96   6.89   6.91   6.94   6.91   6.95   6.89
  70   7.04   6.92   6.95   6.99   6.90   6.93   6.89   6.91   6.92   6.93
  80   6.92   6.95   7.03   6.95   6.91   6.93   6.90   7.24   6.93   6.95
  90   6.95   6.93   7.03   6.96   6.94   6.97   6.96   8.83   8.79   8.87
 100   8.79   8.79   8.93   8.82   8.86   8.83   8.74   8.74   8.72   8.78
 110   8.95   8.76   8.78   8.75   8.80   8.76   8.85   8.77   8.81   8.85
 120   8.77   8.91   8.76   8.81   8.85   8.76   8.75   8.86   8.78   9.20
 130   8.83   8.76   8.77   8.84   8.76   8.78   8.88   8.77   8.88   8.78
 140   9.03   8.84   8.77   8.80   8.78   8.77   8.82   8.77   8.78   8.79
 150   8.79   8.79   8.87   8.75   8.82   8.78   8.78   8.95   8.85   8.83
 160   8.76   8.97   8.82   8.86   8.79   8.80   8.80   8.96   8.84   8.84
 170   8.82   8.75   8.81   8.82   8.76   8.82   8.76   8.82   8.81   8.80
 180   8.78   8.79   8.81   8.94   8.78   8.80   8.85   9.08   8.81   8.86
 190   8.83   8.78   8.82  13.04   8.77   8.97   8.84   9.00   9.08   9.04
