   0   3.30   3.78   3.29   3.32   3.33   3.31   3.31   3.31   3.34   3.27
  10   3.32   3.32   3.32   3.32   3.32   3.31   3.31   3.32   3.31   3.31
  20   3.31   3.31   3.32   3.31   3.31   3.31   3.31   3.33   3.31   3.31
  30   3.32   3.32   3.32   3.31   3.33   3.31   3.32   3.31   3.33   3.32
  40   3.33   3.32   3.32   3.32   3.32   3.31   3.30   3.32   3.31   3.32
  50   3.33   3.32   3.31   3.33   3.31   3.31   3.32   3.33   3.32   3.32
  60   3.33   3.33   3.78   3.32   3.30   3.30   3.32   3.31   3.31   3.30
  70   3.31   3.31   3.33   3.31   3.31   3.31   3.30   3.31   3.32   3.31
  80   3.30   3.33   3.29   3.30   3.30   3.31   3.30   3.33   3.32   3.32
  90   3.32   3.32   3.31   3.32   3.32   3.32   3.33   4.24   4.25   4.24
 100   4.24   4.24   4.34   4.24   4.27   4.26   4.22   4.22   4.21   4.21
 110   4.42   4.23   4.24   4.22   4.24   4.23   4.23   4.25   4.26   4.28
 120   4.25   4.23   4.22   4.25   4.22   4.23   4.23   4.28   4.25   4.22
 130   4.26   4.23   4.22   4.28   4.22   4.24   4.26   4.24   4.27   4.23
 140   4.22   4.30   4.23   4.24   4.23   4.22   4.26   4.23   4.23   4.24
 150   4.23   4.24   4.26   4.22   4.26   4.23   4.21   4.29   4.26   4.24
 160   4.22   4.37   4.23   4.27   4.22   4.22   4.25   4.26   4.27   4.25
 170   4.28   4.23   4.24   4.23   4.23   4.26   4.22   4.25   4.27   4.23
 180   4.23   4.23   4.24   4.27   4.22   4.23   4.23   4.24   4.25   4.25
 190   4.25   4.22   4.25   4.24   4.23   4.29   4.26   4.29   4.35   4.35
