   0   7.19   7.91   7.02   7.00   6.77   6.80   6.97   6.81   6.85   6.93
  10   6.75   6.79   6.75   6.76   7.00   6.74   6.75   6.75   6.74   6.73
  20   6.73   6.83   6.82   6.74   6.75   6.77   6.74   6.79   6.75   6.75
  30   6.77   6.74   6.77   6.74   6.76   6.75   6.75   6.73   6.77   6.77
  40   6.77   6.75   6.74   6.76   6.78   6.81   6.71   6.78   6.75   6.74
  50   6.76   6.78   6.74   6.78   6.75   6.74   6.81   6.79   6.75   6.79
  60   6.78   6.75   7.67   6.76   6.71   6.72   6.76   6.73   6.76   6.72
  70   6.85   6.74   6.76   6.80   6.71   6.74   6.71   6.72   6.74   6.74
  80   6.73   6.76   6.83   6.73   6.72   6.73   6.71   6.76   6.74   6.76
  90   6.75   6.76   6.84   6.76   6.76   6.77   6.77   8.63   8.60   8.67
 100   8.60   8.60   8.72   8.63   8.65   8.62   8.55   8.55   8.53   8.58
 110   8.76   8.57   8.60   8.55   8.60   8.58   8.66   8.57   8.61   8.65
 120   8.60   8.70   8.55   8.61   8.66   8.56   8.56   8.67   8.59   9.00
 130   8.63   8.56   8.56   8.64   8.55   8.58   8.66   8.57   8.67   8.57
 140   8.55   8.65   8.57   8.62   8.58   8.56   8.62   8.57   8.58   8.60
 150   8.58   8.59   8.64   8.56   8.62   8.57   8.57   8.75   8.63   8.60
 160   8.56   8.76   8.60   8.65   8.58   8.58   8.60   8.75   8.63   8.63
 170   8.62   8.56   8.61   8.61   8.56   8.61   8.54   8.63   8.61   8.59
 180   8.58   8.57   8.60   8.72   8.57   8.59   8.64   8.60   8.60   8.65
 190   8.64   8.57   8.60  12.82   8.57   8.75   8.62   8.80   8.86   8.85
