   0   1.44   1.37   1.31   1.29   1.20   1.33   1.27   1.20   1.29   1.38
  10   1.68   1.15   1.21   1.23   1.34   1.37   1.23   1.24   1.21   1.15
  20   1.25   1.27   1.22   1.63   1.20   1.25   1.19   1.18   1.24   1.17
  30   1.27   1.41   1.26   1.19   1.21   1.21   1.28   1.28   1.25   1.19
  40   1.34   1.30   1.25   1.26   1.51   1.18   1.15   1.21   1.28   1.32
  50   1.25   1.22   1.28   1.33   1.30   1.27   1.32   1.30   1.27   1.15
  60   1.22   1.17   1.54   1.21   1.18   1.13   1.27   1.20   1.24   1.23
  70   1.28   1.17   1.22   1.22   1.27   1.26   1.24   1.27   1.21   1.18
  80   1.25   1.28   1.24   1.27   1.29   1.18   1.33   1.25   1.27   1.20
  90   1.20   1.26   1.26   1.29   1.24   1.32   1.27   2.33   2.34   3.01
 100   2.42   2.39   2.46   2.34   2.33   2.30   2.38   2.28   2.65   2.31
 110   2.28   2.51   2.41   2.38   2.30   2.27   2.44   2.44   2.60   2.34
 120   2.39   2.26   2.43   2.34   2.40   2.43   2.33   2.55   3.25   2.39
 130   2.45   2.29   2.47   2.36   2.39   2.33   2.28   2.26   2.46   2.41
 140   2.35   2.44   2.35   2.40   2.36   2.41   2.39   2.50   2.43   2.51
 150   2.32   2.39   2.47   2.48   2.46   2.45   2.37   2.37   2.29   2.66
 160   2.34   2.26   2.27   2.33   2.41   2.49   2.46   2.36   2.57   2.38
 170   2.29   2.54   2.42   2.72   2.43   2.39   2.50   2.33   2.35   2.38
 180   2.38   2.77   2.43   2.41   2.28   2.29   2.39   2.32   2.43   2.32
 190   2.28   2.48   2.56   3.64   3.13   2.47   2.46   2.41   2.69   4.35
