   0   0.45   0.53   0.44   0.46   0.41   0.52   0.49   0.43   0.48   0.50
  10   0.43   0.42   0.42   0.47   0.48   0.50   0.45   0.49   0.43   0.43
  20   0.48   0.49   0.44   0.76   0.43   0.48   0.42   0.42   0.42   0.43
  30   0.49   0.42   0.48   0.42   0.45   0.43   0.48   0.49   0.48   0.43
  40   0.49   0.41   0.43   0.47   0.58   0.41   0.46   0.42   0.47   0.46
  50   0.46   0.42   0.46   0.49   0.41   0.44   0.48   0.47   0.47   0.48
  60   0.42   0.42   0.42   0.46   0.49   0.41   0.49   0.46   0.43   0.43
  70   0.49   0.49   0.43   0.43   0.49   0.49   0.44   0.49   0.46   0.46
  80   0.43   0.48   0.44   0.46   0.49   0.42   0.47   0.48   0.47   0.42
  90   0.41   0.43   0.42   0.45   0.42   0.49   0.42   0.52   0.52   0.80
 100   0.61   0.56   0.59   0.59   0.56   0.52   0.54   0.52   0.52   0.58
 110   0.52   0.54   0.61   0.56   0.54   0.59   0.58   0.55   0.61   0.59
 120   0.59   0.54   0.56   0.54   0.60   0.54   0.58   0.55   0.71   0.60
 130   0.58   0.53   0.63   0.52   0.53   0.58   0.52   0.52   0.60   0.56
 140   0.53   0.54   0.54   0.58   0.54   0.54   0.52   0.60   0.56   0.61
 150   0.53   0.55   0.60   0.57   0.55   0.59   0.52   0.55   0.52   0.54
 160   0.53   0.52   0.54   0.60   0.60   0.55   0.60   0.55   0.55   0.55
 170   0.54   0.57   0.55   0.69   0.55   0.59   0.59   0.54   0.54   0.56
 180   0.54   0.62   0.52   0.58   0.56   0.52   0.57   0.54   0.59   0.54
 190   0.57   0.54   0.59   0.61   0.60   0.59   0.61   0.61   0.60   0.62
