   0   0.36   0.53   0.56   0.49   0.47   0.49   0.50   0.48   0.49   0.60
  10   0.57   0.48   0.50   0.50   0.60   0.59   0.50   0.50   0.49   0.48
  20   0.50   0.50   0.50   0.53   0.49   0.48   0.49   0.49   0.51   0.49
  30   0.50   0.72   0.50   0.48   0.49   0.49   0.50   0.50   0.49   0.50
  40   0.50   0.49   0.49   0.48   0.50   0.45   0.37   0.49   0.48   0.51
  50   0.48   0.49   0.48   0.48   0.58   0.51   0.49   0.49   0.48   0.37
  60   0.48   0.43   0.47   0.47   0.41   0.47   0.51   0.47   0.50   0.51
  70   0.50   0.41   0.50   0.50   0.49   0.49   0.50   0.50   0.48   0.43
  80   0.50   0.51   0.51   0.51   0.50   0.49   0.57   0.49   0.49   0.49
  90   0.48   0.50   0.49   0.50   0.49   0.50   0.49   1.45   1.48   1.72
 100   1.50   1.47   1.56   1.40   1.45   1.45   1.47   1.44   1.44   1.45
 110   1.47   1.67   1.51   1.50   1.47   1.38   1.53   1.55   1.68   1.45
 120   1.50   1.45   1.58   1.49   1.50   1.59   1.43   1.69   2.07   1.48
 130   1.56   1.44   1.50   1.48   1.55   1.45   1.46   1.44   1.54   1.54
 140   1.49   1.54   1.45   1.45   1.47   1.52   1.46   1.54   1.50   1.54
 150   1.44   1.55   1.51   1.54   1.56   1.50   1.51   1.42   1.44   1.46
 160   1.48   1.44   1.45   1.41   1.47   1.60   1.54   1.51   1.68   1.48
 170   1.44   1.66   1.51   1.51   1.58   1.50   1.55   1.49   1.49   1.51
 180   1.45   1.71   1.60   1.48   1.41   1.45   1.52   1.48   1.46   1.46
 190   1.38   1.63   1.57   1.51   2.20   1.51   1.50   1.42   1.64   2.84
