   0   1.15   1.15   1.08   1.04   0.98   1.09   1.06   0.98   1.07   1.17
  10   1.09   0.96   1.01   1.04   1.15   1.16   1.04   1.05   1.00   0.97
  20   1.06   1.06   1.01   1.37   1.00   1.03   0.98   0.98   1.03   0.98
  30   1.06   1.21   1.06   0.98   1.00   0.99   1.07   1.07   1.05   1.01
  40   1.10   1.02   1.01   1.03   1.26   0.93   0.91   0.98   1.05   1.05
  50   1.01   0.99   1.04   1.05   1.07   1.02   1.08   1.05   1.03   0.92
  60   0.99   0.93   0.97   1.00   0.97   0.94   1.06   1.00   1.02   1.01
  70   1.06   0.96   1.01   1.00   1.06   1.04   1.02   1.06   1.01   0.96
  80   1.02   1.07   1.02   1.05   1.07   0.97   1.11   1.04   1.04   0.97
  90   0.96   1.01   1.01   1.03   0.99   1.07   1.03   2.06   2.08   2.60
 100   2.19   2.12   2.22   2.08   2.10   2.05   2.10   2.04   2.06   2.10
 110   2.06   2.28   2.20   2.14   2.07   2.04   2.20   2.21   2.37   2.12
 120   2.17   2.05   2.21   2.10   2.18   2.20   2.09   2.31   2.93   2.15
 130   2.21   2.04   2.24   2.10   2.15   2.09   2.06   2.03   2.21   2.17
 140   2.11   2.17   2.07   2.11   2.11   2.14   2.09   2.23   2.16   2.24
 150   2.06   2.18   2.21   2.20   2.20   2.18   2.13   2.06   2.04   2.08
 160   2.10   2.03   2.05   2.08   2.16   2.23   2.22   2.12   2.33   2.11
 170   2.05   2.30   2.16   2.34   2.20   2.15   2.25   2.10   2.10   2.13
 180   2.09   2.44   2.18   2.15   2.05   2.04   2.16   2.09   2.16   2.07
 190   2.03   2.24   2.27   3.37   2.87   2.18   2.21   2.11   2.33   3.61
