   0   3.26   3.27   3.32   3.32   3.27   3.28   3.29   3.27   3.28   3.30
  10   3.29   3.31   3.31   3.30   3.31   3.32   3.31   3.29   3.28   3.28
  20   3.29   3.29   3.31   3.31   3.29   3.30   3.31   3.31   3.28   3.47
  30   3.30   3.31   3.29   3.29   3.31   3.29   3.28   3.31   3.33   3.35
  40   3.29   3.29   3.33   3.28   3.35   3.32   3.30   3.32   3.53   3.27
  50   3.29   3.31   3.28   3.29   3.29   3.29   3.27   3.31   3.30   3.31
  60   3.35   3.28   3.31   3.29   3.29   3.30   3.29   3.31   3.32   3.30
  70   3.28   3.34   3.29   3.27   3.29   3.44   3.30   3.28   3.27   3.31
  80   3.30   3.31   3.31   3.30   3.32   3.31   3.30   3.39   3.30   3.30
  90   3.29   3.30   3.41   3.30   3.32   3.30   3.30   4.68   4.25   4.23
 100   4.79   4.20   4.71   4.68   4.23   4.22   4.23   4.24   4.20   4.27
 110   4.71   4.22   4.27   4.67   4.21   4.24   4.22   4.28   4.22   4.24
 120   4.35   4.70   4.24   4.74   4.21   4.23   4.22   4.26   4.22   4.24
 130   4.25   4.22   4.27   4.23   4.67   4.24   4.20   4.26   4.25   4.24
 140   4.28   4.24   4.23   4.26   4.25   4.31   4.23   4.23   4.23   4.29
 150   4.22   4.25   4.26   4.26   4.72   4.25   4.27   4.25   4.28   4.23
 160   4.27   4.26   4.26   4.24   4.25   4.25   4.25   4.25   4.26   4.25
 170   4.25   4.24   4.24   4.24   4.27   4.23   4.22   4.27   4.24   4.31
 180   4.23   4.25   4.26   4.25   4.27   4.24   4.71   4.25   4.23   4.70
 190   4.24   4.24   4.24   4.22   4.23   4.25   4.24   4.25   4.25   4.25
