   0  18.70  18.95  18.67  18.66  17.88  18.82  18.63  18.83  18.38  19.28
  10  18.55  18.11  18.59  18.54  18.79  18.57  18.74  18.42  18.67  18.62
  20  18.84  17.69  18.58  18.72  17.54  18.64  18.70  18.41  18.44  19.03
  30  18.68  18.62  18.66  18.60  18.63  18.68  18.63  18.35  19.20  18.74
  40  18.63  18.49  18.64  18.27  18.81  18.72  18.65  18.86  19.25  17.67
  50  18.65  17.88  18.41  18.43  18.52  18.66  18.49  19.12  18.68  18.65
  60  18.77  19.03  18.21  18.57  17.58  18.63  18.71  18.67  18.80  17.91
  70  18.63  18.09  18.64  17.87  17.62  18.35  18.63  18.35  18.54  18.71
  80  18.82  18.85  18.73  18.58  17.93  18.79  18.66  18.91  18.18  18.61
  90  18.68  17.68  18.30  18.68  18.78  18.73  18.76 107.27  95.92  95.94
 100  96.47  95.60  97.28 103.21  97.47  96.73 100.71 100.40  95.99  97.17
 110  97.47  95.39  96.68  99.21  98.12  97.98  97.08  98.03  96.14  98.01
 120  94.56  97.84  96.30  97.64  96.50  95.87  96.44  96.62  96.76  96.66
 130  99.78  95.63  97.89  95.88 102.66  95.20  94.29  96.41  97.36  97.45
 140  97.00  95.64  95.74  96.10  96.81 105.33 102.69  95.42  95.38  96.31
 150  95.36  96.75  97.13  95.46  96.53  95.60  96.83  97.58  95.39  96.53
 160  96.93  95.20  95.32  95.90  96.93  95.84 105.39 106.46 105.73 100.74
 170  96.17  96.40  96.40 101.69  95.58  95.02  96.26  98.07  96.15  97.83
 180  96.25  96.14  97.09  97.06  96.25  96.05  97.67  99.06 105.50 106.00
 190 104.70 105.83 105.30  99.59  95.37  96.30  97.15  96.86  95.99  96.68
