   0  18.48  18.78  18.50  18.49  17.70  18.65  18.46  18.66  18.19  18.83
  10  18.42  17.96  18.47  18.40  18.66  18.44  18.60  18.28  18.54  18.49
  20  18.72  17.54  18.46  18.57  17.41  18.47  18.56  18.28  18.31  18.91
  30  18.54  18.50  18.52  18.46  18.50  18.55  18.50  18.21  19.08  18.59
  40  18.50  18.34  18.51  18.14  18.68  18.55  18.49  18.73  19.11  17.52
  50  18.51  17.73  18.27  18.28  18.39  18.54  18.35  18.97  18.55  18.51
  60  18.64  18.58  18.06  18.43  17.44  18.49  18.57  18.52  18.64  17.76
  70  18.47  17.94  18.49  17.70  17.48  18.20  18.47  18.18  18.41  18.56
  80  18.64  18.67  18.55  18.41  17.75  18.60  18.49  18.74  18.02  18.43
  90  18.51  17.50  18.13  18.49  18.62  18.52  18.57 107.09  95.74  95.77
 100  96.29  95.40  97.09 103.02  97.29  96.54 100.51  99.92  95.81  96.99
 110  97.27  95.20  96.49  99.01  97.94  97.79  96.90  97.83  95.95  97.82
 120  94.36  97.65  96.12  97.44  96.30  95.68  96.26  96.42  96.58  96.47
 130  99.58  95.44  97.67  95.68 102.47  94.99  94.10  96.20  97.17  97.27
 140  96.81  95.46  95.54  95.89  96.62 105.13 102.53  95.24  95.19  96.11
 150  95.17  96.54  96.92  95.24  96.32  95.38  96.62  97.36  94.84  96.32
 160  96.72  94.99  95.10  95.68  96.72  95.62 105.17 106.26 105.51 100.54
 170  95.96  96.18  96.19 101.48  95.38  94.81  96.05  97.86  95.94  97.63
 180  96.03  95.92  96.86  96.84  96.04  95.84  97.44  98.84 105.27 105.78
 190 104.49 105.61 105.11  99.37  95.17  96.09  96.91  96.64  95.77  96.17
