   0  11.42  11.94  11.83  11.80  10.94  11.75  11.78  11.85  11.52  11.92
  10  11.78  11.31  11.78  11.76  11.98  11.77  11.90  11.63  11.87  11.87
  20  12.11  10.83  11.78  11.85  10.77  11.80  11.91  11.63  11.69  12.00
  30  11.89  11.83  11.88  11.84  11.85  11.90  11.84  11.53  12.42  11.89
  40  11.82  11.65  11.80  11.50  11.94  11.85  11.82  12.03  12.11  10.82
  50  11.88  11.09  11.66  11.64  11.75  11.91  11.74  12.32  11.85  11.85
  60  11.90  11.89  11.40  11.78  10.81  11.82  11.90  11.82  11.92  11.07
  70  11.85  10.86  11.82  11.03  10.85  11.27  11.80  11.54  11.81  11.87
  80  11.94  11.97  11.85  11.74  11.03  11.88  11.81  11.93  11.34  11.72
  90  11.84  10.81  11.16  11.80  11.91  11.82  11.90  98.05  87.18  87.21
 100  86.70  86.71  87.57  93.68  88.74  87.88  91.78  91.35  87.34  88.38
 110  87.77  86.61  87.76  89.59  89.40  89.23  88.37  89.19  87.40  89.22
 120  85.62  88.12  87.57  87.66  87.79  87.14  87.56  87.73  87.93  87.80
 130  91.00  86.86  89.08  87.02  93.04  86.37  85.61  87.58  88.45  88.62
 140  88.20  86.88  86.88  87.15  87.90  96.47  93.86  86.70  86.51  87.45
 150  86.61  87.94  88.29  86.55  86.77  86.77  87.85  88.68  86.13  87.67
 160  88.04  86.28  86.43  87.08  88.02  87.01  96.49  97.65  96.81  91.86
 170  87.36  87.54  87.48  92.90  86.63  86.06  87.40  89.25  87.33  88.90
 180  87.37  87.29  88.22  88.22  87.42  87.15  87.91  90.13  96.68  96.26
 190  95.88  97.02  96.52  86.72  86.62  87.03  88.28  88.01  87.02  87.42
