   0   6.53   0.55   0.52   0.59   0.55   0.54   0.52   0.49   0.51   0.56
  10   0.52   0.48   0.51   0.55   0.56   0.57   0.49   0.53   0.56   0.50
  20   0.50   0.56   0.50   0.59   0.51   0.57   0.49   0.57   0.56   0.55
  30   0.50   0.58   0.53   0.54   0.58   0.53   0.51   0.50   0.51   0.59
  40   0.55   0.57   0.50   0.51   0.58   0.52   0.53   0.58   0.58   0.53
  50   0.58   0.59   0.62   0.52   0.59   0.51   0.52   0.53   0.54   0.58
  60   0.57   0.53   0.57   0.57   0.55   0.53   0.56   0.51   0.53   0.54
  70   0.57   0.59   0.53   0.55   0.60   0.59   0.59   0.59   0.54   0.53
  80   0.51   0.58   0.50   0.50   0.51   0.56   0.56   0.57   0.50   0.50
  90   0.57   0.54   0.57   0.63   0.71   0.67   0.64   0.65   0.72   0.61
 100   0.70   0.65   0.70   0.69   0.71   0.63   0.70   0.69   0.62   0.64
 110   0.73   0.63   0.61   0.68   0.65   0.69   0.71   0.67   0.68   0.63
 120   0.67   0.69   0.66   0.62   0.61   0.64   0.61   0.69   0.68   0.72
 130   0.68   0.63   0.65   0.60   0.63   0.62   0.62   0.64   0.61   0.62
 140   0.61   0.65   0.68   0.69   0.71   0.66   0.64   0.63   0.61   0.69
 150   0.65   0.65   0.64   0.72   0.70   0.67   0.67   0.71   0.69   0.69
 160   0.69   0.71   0.69   0.69   0.68   0.67   0.69   0.63   0.64   0.66
 170   0.63   0.71   0.61   0.66   0.64   0.61   0.64   0.67   0.68   0.63
 180   0.64   0.66   0.62   0.62   0.63   0.65   0.64   0.64   0.70   1.84
 190   0.71   0.70   0.69   1.01   0.64   0.64
