   0   6.73   0.74   0.70   0.76   0.76   0.71   0.70   0.67   0.71   0.73
  10   0.71   0.67   0.68   0.74   0.76   0.77   0.68   0.73   0.77   0.69
  20   0.70   0.76   0.69   0.78   0.71   0.77   0.69   0.77   0.77   0.76
  30   0.69   0.77   0.74   0.76   0.80   0.73   0.73   0.71   0.71   0.80
  40   0.76   0.78   0.71   0.70   0.78   0.75   0.75   0.78   0.79   0.74
  50   0.80   0.81   0.84   0.74   0.80   0.71   0.73   0.75   0.74   0.80
  60   0.77   0.75   0.78   0.79   0.78   0.74   0.78   0.72   0.76   0.76
  70   0.79   0.80   0.75   0.77   0.83   0.81   0.84   0.81   0.78   0.78
  80   0.72   1.36   0.70   0.71   0.70   0.78   0.76   0.78   0.71   0.70
  90   0.77   0.74   0.78   0.85   0.91   0.87   0.85   0.86   0.94   0.81
 100   0.92   0.86   0.91   0.92   0.88   0.83   0.91   0.92   0.85   0.86
 110   0.94   0.86   0.81   0.89   0.88   0.91   0.93   0.88   0.91   0.85
 120   0.90   0.92   0.89   0.84   0.83   0.87   0.83   0.93   0.92   0.95
 130   0.91   0.86   0.89   0.80   0.85   0.82   0.85   0.88   0.83   0.84
 140   0.83   0.90   0.93   0.95   0.97   0.87   0.89   0.88   0.83   0.93
 150   0.89   0.89   0.90   0.96   0.95   0.89   0.90   0.94   0.94   0.94
 160   0.94   0.95   0.94   0.95   0.92   0.95   0.93   0.86   0.89   0.91
 170   1.46   0.95   0.83   0.89   0.88   0.84   0.88   0.91   0.90   0.85
 180   0.88   0.91   0.84   0.86   0.87   0.88   0.88   0.88   0.93   2.07
 190   0.95   0.94   0.93   1.25   0.87   0.87
