   0   6.37   0.46   0.41   0.49   0.46   0.44   0.40   0.40   0.40   0.46
  10   0.41   0.40   0.42   0.46   0.45   0.48   0.40   0.43   0.43   0.41
  20   0.41   0.46   0.41   0.50   0.41   0.46   0.40   0.46   0.46   0.46
  30   0.40   0.46   0.43   0.43   0.47   0.42   0.41   0.41   0.41   0.46
  40   0.46   0.46   0.41   0.41   0.47   0.41   0.42   0.47   0.49   0.43
  50   0.44   0.48   0.52   0.42   0.47   0.41   0.42   0.41   0.42   0.48
  60   0.47   0.42   0.47   0.46   0.44   0.43   0.46   0.41   0.42   0.41
  70   0.46   0.48   0.42   0.42   0.49   0.48   0.47   0.46   0.43   0.41
  80   0.42   0.46   0.40   0.41   0.41   0.46   0.44   0.48   0.41   0.41
  90   0.46   0.44   0.47   0.54   0.58   0.58   0.54   0.55   0.60   0.52
 100   0.60   0.54   0.59   0.59   0.60   0.54   0.59   0.58   0.52   0.54
 110   0.59   0.54   0.52   0.56   0.54   0.58   0.60   0.55   0.57   0.54
 120   0.57   0.56   0.56   0.52   0.52   0.52   0.52   0.58   0.57   0.58
 130   0.58   0.53   0.54   0.52   0.53   0.52   0.52   0.52   0.52   0.52
 140   0.52   0.53   0.57   0.57   0.59   0.54   0.54   0.53   0.52   0.56
 150   0.55   0.53   0.54   0.59   0.59   0.58   0.57   0.57   0.57   0.57
 160   0.57   0.57   0.57   0.58   0.58   0.52   0.57   0.53   0.53   0.53
 170   0.53   0.59   0.52   0.53   0.55   0.52   0.53   0.55   0.57   0.53
 180   0.54   0.53   0.52   0.52   0.52   0.53   0.52   0.53   0.59   0.55
 190   0.59   0.59   0.58   0.88   0.53   0.54
