   0   3.77   3.97   3.32   3.32   3.77   3.61   3.86   3.44   3.43   3.78
  10   3.60   3.46   3.32   3.46   3.57   3.39   3.33   3.48   3.43   3.45
  20   3.35   3.40   3.33   3.33   3.47   3.33   3.41   3.37   3.35   3.32
  30   3.34   3.33   3.38   3.39   3.34   3.48   3.34   3.41   3.33   3.33
  40   3.33   3.34   3.33   3.34   3.33   3.35   3.33   3.32   3.33   3.33
  50   3.41   3.31   3.34   3.34   3.79   3.33   3.33   3.43   3.33   3.31
  60   3.41   3.33   3.32   3.31   3.32   3.38   3.39   3.37   3.34   3.34
  70   3.43   3.41   3.34   3.64   3.33   3.34   3.44   3.33   3.47   3.33
  80   3.34   3.39   3.40   3.32   3.38   3.41   3.32   3.41   3.39   3.42
  90   3.34   3.40   3.42   3.38   3.33   3.44   3.40   4.38   4.32   4.32
 100   4.38   4.25   4.35   4.24   4.30   4.85   4.52   4.54   4.70   4.36
 110   4.26   4.71   4.34   4.71   4.30   4.26   4.30   4.31   4.37   4.27
 120   4.30   4.34   4.38   4.27   4.38   4.27   4.25   4.27   4.38   4.70
 130   4.39   4.25   4.33   4.33   4.30   4.30   4.36   4.25   4.38   4.26
 140   4.28   4.33   4.37   4.34   4.26   4.35   4.30   4.30   4.24   4.25
 150   4.29   4.36   4.32   4.26   4.28   4.35   4.25   4.40   4.26   4.35
 160   4.31   4.71   4.37   4.32   4.26   4.26   4.35   4.70   4.35   4.25
 170   4.28   4.25   4.27   4.25   4.34   4.33   4.26   4.70   4.25   4.27
 180   4.31   4.71   4.31   4.26   4.27   4.73   4.38   4.34   4.70   4.26
 190   4.38   4.25   4.24   4.63   4.24   4.41   4.43   4.28   4.26   4.26
