   0   9.35   9.95  10.28   8.39   9.76   8.97  10.13   9.80   8.55   9.13
  10   9.57   9.74   8.52   8.73   9.34   9.44   9.47   9.56   8.59   9.58
  20   9.42   8.62   8.41   9.44   8.66   9.47   9.56   8.58   9.37   9.46
  30   9.48   8.70   9.51   9.43   9.40   8.63   9.46   9.68   9.34   9.39
  40   8.71   9.36   9.35   9.48   9.38   9.39   9.46   9.39   9.48   9.49
  50   9.46   8.54   8.45   9.39   9.84   8.48   9.41   9.17   8.74   8.58
  60   8.64   8.56   9.47   8.50   9.32   8.82   9.43   8.74   9.35   9.51
  70  10.41   8.59   8.70   9.01   9.33   9.37   9.60   9.56   8.97   9.20
  80   9.46   8.43   9.44   9.48   8.80   9.71   9.49   9.43   8.56   8.54
  90   9.41   9.41   8.56   9.45   9.37   8.61   9.44   9.65  10.54  10.46
 100  10.45  10.32  10.54   9.46  10.40  11.29   9.81   9.96  10.86   9.68
 110  10.42  10.23  10.50  10.09   9.41  10.31   9.46   9.55   9.76  10.32
 120   9.51  10.53   9.61   9.67  10.51   9.67  10.32  10.34  10.58  10.10
 130  10.65  10.40   9.66   9.58  10.50  10.38  10.53   9.57  10.42  10.33
 140  10.36   9.43  10.50   9.40  10.40   9.46  10.45  10.34   9.46   9.50
 150  10.35  10.36  10.40  10.33  10.32   9.64  10.27  10.52  10.41   9.54
 160   9.46  10.91   9.77  10.33  10.27  10.45  10.51  10.66   9.68  10.30
 170   9.64  10.48  10.35   9.36  10.52   9.51  10.39  10.07  10.46  10.29
 180   9.38  10.75   9.43  10.39   9.54  10.08  10.41  10.44  10.89  10.41
 190  10.39   9.45  10.37  18.87   9.55   9.81  10.96  10.07   9.58  10.47
