   0   5.24   5.89   6.87   4.99   5.89   5.28   6.15   6.27   5.04   5.24
  10   5.88   6.21   5.12   5.12   5.68   5.96   6.05   5.97   5.08   6.04
  20   5.98   5.12   5.01   6.04   5.10   6.03   6.08   5.13   5.95   6.04
  30   6.05   5.29   6.05   5.93   5.97   5.05   6.04   6.17   5.92   5.98
  40   5.30   5.92   5.95   6.07   5.97   5.93   6.05   5.99   6.07   6.06
  50   5.96   5.15   5.03   5.95   5.97   5.07   6.01   5.64   5.33   5.18
  60   5.15   5.13   6.07   5.11   5.92   5.34   5.95   5.28   5.92   6.06
  70   6.90   5.10   5.27   5.22   5.92   5.95   6.08   6.13   5.42   5.78
  80   6.04   4.94   5.96   6.08   5.33   6.18   6.09   5.94   5.08   5.01
  90   5.98   5.93   5.06   5.96   5.95   5.08   5.95   5.16   6.14   6.05
 100   5.97   5.98   6.11   5.14   6.02   6.33   5.21   5.33   6.07   5.22
 110   6.08   5.43   6.08   5.28   5.03   5.98   5.09   5.15   5.30   5.96
 120   5.13   6.08   5.15   5.33   6.04   5.31   6.00   5.98   6.11   5.30
 130   6.19   6.07   5.24   5.15   6.11   5.97   6.09   5.23   5.95   5.99
 140   6.00   5.00   6.04   4.99   6.06   5.02   6.06   5.95   5.14   5.15
 150   5.98   5.92   5.99   5.97   5.96   5.20   5.94   6.02   6.08   5.11
 160   5.06   6.10   5.32   5.93   5.93   6.09   6.08   5.88   5.24   5.94
 170   5.28   6.15   6.00   5.01   6.09   5.09   6.05   5.26   6.12   5.94
 180   4.99   5.93   5.03   6.05   5.19   5.26   5.95   6.02   6.10   6.05
 190   5.93   5.12   6.04   5.17   5.23   5.31   6.33   5.69   5.22   6.11
