   0   9.62  10.17  10.50   8.62  10.00   9.25  10.43  10.07   8.79   9.65
  10   9.76   9.92   8.70   8.91   9.53   9.63   9.67   9.76   8.77   9.77
  20   9.61   8.82   8.62   9.63   8.84   9.66   9.75   8.77   9.56   9.64
  30   9.67   8.90   9.71   9.62   9.60   8.83   9.65   9.90   9.53   9.60
  40   8.91   9.57   9.55   9.67   9.59   9.59   9.65   9.63   9.68   9.69
  50   9.67   8.75   8.66   9.60  10.06   8.68   9.61   9.35   8.95   8.79
  60   8.84   9.09   9.67   8.70   9.53   9.03   9.63   8.93   9.54   9.72
  70  10.61   8.79   8.91   9.21   9.55   9.57   9.80   9.76   9.18   9.42
  80   9.68   8.64   9.66   9.69   9.02   9.92   9.70   9.64   8.78   8.73
  90   9.63   9.62   8.77   9.67   9.58   8.82   9.65   9.86  10.77  10.69
 100  10.66  10.53  10.75   9.68  10.61  11.50  10.03  10.52  11.07   9.88
 110  10.62  10.46  10.71  10.30   9.61  10.52   9.68   9.76   9.98  10.54
 120   9.73  10.74   9.84   9.88  10.73   9.89  10.54  10.55  10.80  10.31
 130  10.87  10.61   9.87   9.78  10.74  10.59  10.74   9.79  10.64  10.56
 140  10.59   9.65  10.72   9.62  10.63   9.68  10.67  10.57   9.69   9.72
 150  10.56  10.57  10.61  10.55  10.55   9.86  10.50  10.76  10.94   9.77
 160   9.68  11.13   9.99  10.55  10.49  10.69  10.74  10.89   9.91  10.52
 170   9.85  10.71  10.56   9.60  10.76   9.73  10.61  10.30  10.70  10.54
 180   9.61  10.99   9.65  10.61   9.78  10.31  10.64  10.67  11.12  10.64
 190  10.61   9.68  10.60  19.10   9.78  10.07  11.19  10.31   9.82  11.00
