   0   2.89   2.59   2.62   2.54   2.66   2.76   2.60   2.50   2.68   2.67
  10   2.84   2.43   2.68   2.60   2.47   2.44   2.43   2.52   2.42   2.50
  20   2.53   2.41   2.43   2.53   2.53   2.59   2.42   2.56   2.39   2.39
  30   2.54   2.51   2.46   2.53   2.48   2.55   2.53   2.41   2.53   2.54
  40   2.61   2.38   2.58   2.56   2.56   2.44   2.44   2.56   2.47   2.59
  50   2.59   2.85   2.64   3.03   2.56   3.06   2.61   2.54   2.56   2.65
  60   2.63   2.64   2.84   2.67   2.59   2.64   2.54   2.58   2.60   2.50
  70   2.51   2.67   2.76   2.46   2.67   2.44   2.58   2.54   2.57   2.44
  80   2.67   2.77   3.08   2.79   2.56   2.88   2.55   2.59   2.61   2.65
  90   2.55   2.57   2.72   2.70   2.54   2.64   2.72  12.38  12.13  12.24
 100  12.27  12.67  12.45  12.73  12.15  12.31  12.25  12.31  12.35  12.00
 110  11.96  12.03  12.05  12.02  12.05  12.21  12.03  12.07  12.10  12.12
 120  11.82  12.13  12.16  12.24  12.03  12.25  12.11  12.01  12.04  12.09
 130  12.13  12.12  12.11  12.20  12.12  12.05  11.95  12.06  11.98  12.07
 140  12.08  13.20  12.04  12.13  11.90  11.96  11.88  13.15  13.31  12.04
 150  11.93  12.35  13.13  12.13  12.06  12.02  12.03  11.96  12.10  13.44
 160  13.07  12.09  12.26  12.13  12.10  12.74  12.15  12.20  11.93  12.04
 170  12.21  12.08  12.07  12.11  12.17  12.18  12.21  12.00  11.91  12.02
 180  12.15  11.97  12.07  11.87  12.20  12.16  12.11  12.11  12.08  12.04
 190  12.08  12.00  12.25  12.57  12.07  12.06  12.04  12.15  12.21  12.50
