   0   1.49   1.43   1.49   1.42   1.54   1.50   1.49   1.37   1.55   1.49
  10   1.38   1.37   1.50   1.43   1.36   1.37   1.36   1.47   1.38   1.46
  20   1.45   1.36   1.37   1.48   1.47   1.51   1.36   1.49   1.35   1.35
  30   1.49   1.48   1.38   1.48   1.37   1.40   1.47   1.35   1.48   1.47
  40   1.48   1.34   1.49   1.48   1.47   1.34   1.36   1.48   1.38   1.49
  50   1.43   1.61   1.49   1.97   1.41   1.60   1.53   1.41   1.43   1.53
  60   1.41   1.53   1.41   1.49   1.51   1.52   1.37   1.45   1.46   1.41
  70   1.42   1.56   1.60   1.38   1.48   1.37   1.50   1.48   1.37   1.38
  80   1.48   1.70   1.99   1.61   1.42   1.74   1.43   1.41   1.45   1.53
  90   1.43   1.43   1.54   1.48   1.41   1.52   1.54  10.98  10.76  10.88
 100  10.83  11.17  11.02  11.26  10.79  10.95  10.86  10.95  10.72  10.67
 110  10.64  10.75  10.77  10.66  10.76  10.81  10.72  10.78  10.69  10.82
 120  10.51  10.81  10.83  10.94  10.71  10.95  10.81  10.71  10.74  10.79
 130  10.83  10.82  10.80  10.87  10.82  10.75  10.64  10.74  10.68  10.77
 140  10.74  11.89  10.75  10.83  10.58  10.68  10.60  11.80  11.98  10.62
 150  10.63  11.05  11.83  10.82  10.77  10.71  10.71  10.68  10.79  11.81
 160  11.76  10.79  10.95  10.71  10.78  11.39  10.81  10.90  10.61  10.73
 170  10.91  10.78  10.73  10.80  10.85  10.87  10.89  10.69  10.60  10.71
 180  10.85  10.68  10.68  10.57  10.86  10.85  10.82  10.81  10.73  10.63
 190  10.77  10.72  10.90  10.73  10.75  10.67  10.71  10.81  10.87  10.89
