   0   0.40   0.40   0.41   0.41   0.41   0.42   0.40   0.40   0.41   0.40
  10   0.40   0.40   0.40   0.40   0.40   0.40   0.40   0.40   0.41   0.40
  20   0.40   0.41   0.40   0.41   0.40   0.40   0.40   0.40   0.40   0.40
  30   0.40   0.40   0.40   0.40   0.40   0.45   0.40   0.40   0.40   0.40
  40   0.40   0.40   0.40   0.40   0.40   0.40   0.40   0.40   0.40   0.40
  50   0.41   0.44   0.40   0.40   0.41   0.48   0.40   0.41   0.41   0.41
  60   0.42   0.41   0.40   0.42   0.41   0.41   0.44   0.43   0.43   0.41
  70   0.41   0.42   0.42   0.40   0.45   0.40   0.40   0.40   0.45   0.40
  80   0.43   0.40   0.40   0.45   0.40   0.44   0.41   0.41   0.43   0.41
  90   0.41   0.41   0.41   0.43   0.41   0.40   0.42   0.53   0.51   0.53
 100   0.53   0.59   0.53   0.58   0.51   0.52   0.51   0.53   0.51   0.51
 110   0.51   0.51   0.51   0.52   0.51   0.57   0.51   0.51   0.57   0.52
 120   0.51   0.52   0.51   0.52   0.51   0.51   0.51   0.51   0.51   0.51
 130   0.52   0.52   0.51   0.51   0.51   0.51   0.51   0.51   0.52   0.51
 140   0.51   0.51   0.51   0.51   0.52   0.51   0.51   0.51   0.52   0.57
 150   0.52   0.51   0.51   0.51   0.51   0.51   0.51   0.51   0.51   0.51
 160   0.51   0.51   0.51   0.57   0.51   0.53   0.51   0.51   0.52   0.51
 170   0.51   0.51   0.52   0.52   0.51   0.51   0.51   0.51   0.51   0.51
 180   0.51   0.51   0.51   0.51   0.52   0.51   0.51   0.51   0.51   0.56
 190   0.52   0.51   0.51   0.52   0.51   0.51   0.51   0.52   0.52   0.51
