   0   2.66   2.38   2.43   2.33   2.46   2.54   2.37   2.28   2.48   2.46
  10   2.32   2.24   2.49   2.41   2.29   2.28   2.26   2.34   2.25   2.33
  20   2.34   2.23   2.24   2.36   2.35   2.40   2.24   2.38   2.22   2.21
  30   2.38   2.33   2.26   2.35   2.30   2.37   2.36   2.22   2.34   2.34
  40   2.40   2.19   2.37   2.35   2.36   2.22   2.24   2.36   2.27   2.38
  50   2.37   2.61   2.41   2.84   2.33   2.78   2.44   2.31   2.34   2.44
  60   2.38   2.43   2.29   2.46   2.40   2.43   2.34   2.39   2.40   2.30
  70   2.31   2.47   2.53   2.26   2.47   2.24   2.38   2.35   2.36   2.25
  80   2.46   2.57   2.87   2.59   2.34   2.72   2.39   2.37   2.39   2.43
  90   2.33   2.34   2.47   2.47   2.31   2.41   2.49  12.13  11.92  12.02
 100  12.05  12.43  12.20  12.51  11.92  12.09  12.02  12.09  11.83  11.78
 110  11.74  11.85  11.87  11.83  11.86  12.02  11.84  11.88  11.90  11.93
 120  11.62  11.92  11.93  12.04  11.82  12.05  11.91  11.80  11.85  11.89
 130  11.93  11.91  11.90  11.98  11.92  11.85  11.75  11.84  11.78  11.86
 140  11.86  12.99  11.84  11.94  11.70  11.76  11.69  12.91  13.11  11.83
 150  11.73  12.15  12.93  11.92  11.86  11.80  11.82  11.77  11.89  12.90
 160  12.87  11.89  12.04  11.92  11.88  12.53  11.95  12.00  11.72  11.82
 170  12.01  11.87  11.85  11.90  11.95  11.97  12.01  11.79  11.70  11.80
 180  11.95  11.77  11.83  11.67  11.99  11.95  11.91  11.91  11.86  11.83
 190  11.87  11.80  12.01  12.35  11.85  11.83  11.82  11.93  11.98  11.99
