   0   0.96   0.40   0.43   0.42   0.42   0.41   0.43   0.37   0.42   0.41
  10   0.34   0.43   0.40   0.43   0.40   0.46   0.42   0.40   0.43   0.41
  20   0.37   0.42   0.41   0.41   0.43   0.41   0.42   0.46   0.43   0.40
  30   0.42   0.44   0.43   0.43   0.41   0.44   0.44   0.44   0.40   0.48
  40   0.41   0.43   0.41   0.41   0.44   0.38   0.45   0.47   0.42   0.44
  50   0.43   0.45   0.42   0.44   0.44   0.44   0.43   0.42   0.44   0.43
  60   0.42   0.40   0.44   0.48   0.43   0.41   0.43   0.44   0.42   0.40
  70   0.43   0.47   0.42   0.46   0.41   0.43   0.47   0.42   0.42   0.44
  80   0.39   0.43   0.48   0.43   0.43   0.42   0.45   0.44   0.43   1.01
  90   0.45   0.44   0.41   0.42   0.45   0.49   0.44   0.56   0.45   0.42
 100   0.43   0.46
