   0   0.70   0.36   0.35   0.64   0.72   0.37   0.65   0.31   0.33   0.34
  10   0.37   0.32   0.33   0.36   0.33   0.38   0.33   0.32   0.36   0.33
  20   0.38   0.35   0.35   0.34   0.35   0.35   0.33   0.33   0.30   0.38
  30   0.70   0.36   0.40   0.33   0.38   0.36   0.34   0.34   0.38   0.35
  40   0.33   0.39   0.35   0.35   0.36   0.36   0.33   0.37   0.36   0.34
  50   0.41   0.34   0.35   0.67   0.37   0.38   0.31   0.36   0.92   0.40
  60   0.37   0.39   0.44   0.40   0.42   0.41   0.43   0.37   0.42   0.40
  70   0.39   0.36   0.37   0.39   0.41   0.35   0.44   0.41   0.38   0.40
  80   0.42   0.41   0.42   0.39   0.43   0.35   0.38   0.40   0.39   0.39
  90   0.39   0.41   0.43   0.41   0.44   0.39   0.38   0.41   0.44   0.38
 100   0.40   0.41   0.41   0.40   0.40   0.42   0.44   0.39   0.38   0.37
 110   0.44   0.47   0.42   0.42   0.41   0.40   0.42   0.45   0.45   0.42
 120   0.44   0.40   0.45   0.37   0.40   0.48   0.43   0.42   0.38   0.47
 130   0.45   0.45   0.45   0.52   0.43   0.45   0.41   0.49   0.45   0.39
 140   0.44   0.44   0.40   0.41   0.44   0.43   0.39   1.01   0.41   0.42
 150   0.43   0.41   0.45   0.47   0.38   0.39   0.42   0.38   0.41   0.37
