   0   0.36   0.34   0.35   0.41   0.37   0.39   0.35   0.37   0.37   0.36
  10   0.35   0.37   0.41   0.84   0.37   0.40   0.33   0.36   0.35   0.40
  20   0.35   0.35   0.33   0.41   0.35   0.36   0.38   0.36   0.39   0.38
  30   0.36   0.40   0.35   0.37   0.36   0.37   0.36   0.36   0.36   0.38
  40   0.33   0.37   0.38   0.33   0.36   0.34   0.39   0.41   0.34   0.36
  50   0.37   0.36   0.38   0.38   0.39   0.34   0.41   0.58   0.38   0.37
  60   0.41   0.36   0.36   0.44   0.36   0.37   0.47   0.38   0.51   0.43
  70   0.35   0.33   0.38   0.38   0.40   0.39   0.40   0.36   0.40   0.39
  80   0.34   0.37   0.40   0.38   0.38   0.40   0.42   0.39   0.37   0.43
  90   0.36   0.38   0.39   0.37   0.37   0.39   0.37   0.36   0.41   0.42
 100   0.39   0.36   0.91   0.39   0.39   0.39   0.39   0.40   0.45   0.39
 110   0.38   0.40   0.38   0.38   0.41
