   0   3.90   3.75   3.65   3.64   3.44   3.76   3.41   3.58   3.44   3.44
  10   3.67   3.43   3.51   3.67   3.47   3.48   3.43   3.40   3.43   3.42
  20   3.44   3.51   3.43   3.43   3.47   3.42   3.44   3.52   3.45   3.47
  30   3.51   3.43   3.45   3.43   3.41   3.43   3.42   3.47   3.39   3.40
  40   3.47   3.39   3.52   3.39   3.41   3.40   3.42   3.41   3.47   3.42
  50   3.39   3.39   3.39   3.38   3.41   3.39   3.47   3.41   3.42   3.40
  60   3.41   3.44   3.40   3.38   3.41   3.38   3.41   3.39   3.44   3.41
  70   3.41   3.45   3.44   3.54   3.40   3.53   3.44   3.43   3.41   3.42
  80   3.45   3.42   3.43   3.43   3.42   3.43   3.41   3.41   3.45   3.52
  90   3.42   3.44   3.45   3.49   3.40   3.39   3.42   4.32   4.34   4.33
 100   4.36   4.38   4.32   4.33   4.33   4.35   4.35   4.48   4.43   4.33
 110   4.80   4.39   4.35   4.32   4.34   4.33   4.36   4.79   4.34   4.34
 120   4.34   4.36   4.33   4.32   4.33   4.33   4.34   4.34   4.80   4.34
 130   4.33   4.34   4.40   4.44   4.33   4.45   4.38   4.39   4.33   4.42
 140   4.77   4.32   4.33   4.35   4.34   4.32   4.35   4.31   4.34   4.30
 150   4.31   4.78   4.33   4.32   4.33   4.33   4.36   4.31   4.34   4.34
 160   4.37   4.37   4.33   4.32   4.34   4.34   4.36   4.35   4.41   4.61
 170   4.36   4.43   4.48   4.36   4.36   4.37   4.44   4.48   4.35   4.42
 180   4.43   4.35   4.40   4.34   4.45   4.37   4.41   4.36   4.80   4.36
 190   4.35   4.34   4.34  12.83   4.34   4.35   4.35   4.44   4.33   4.49
