   0   3.57   3.64   3.54   3.53   3.31   3.65   3.31   3.49   3.31   3.33
  10   3.56   3.34   3.38   3.57   3.37   3.37   3.31   3.31   3.33   3.32
  20   3.32   3.40   3.32   3.32   3.34   3.33   3.33   3.42   3.33   3.38
  30   3.41   3.33   3.33   3.33   3.32   3.33   3.30   3.37   3.31   3.31
  40   3.35   3.31   3.42   3.30   3.31   3.31   3.33   3.31   3.36   3.33
  50   3.31   3.30   3.30   3.30   3.33   3.31   3.37   3.32   3.34   3.30
  60   3.31   3.36   3.31   3.30   3.30   3.29   3.32   3.30   3.32   3.32
  70   3.32   3.35   3.34   3.43   3.31   3.44   3.33   3.33   3.32   3.32
  80   3.35   3.33   3.33   3.33   3.31   3.34   3.32   3.32   3.35   3.43
  90   3.33   3.34   3.33   3.40   3.31   3.30   3.31   4.23   4.24   4.24
 100   4.26   4.29   4.23   4.23   4.23   4.25   4.25   4.39   4.32   4.25
 110   4.71   4.30   4.25   4.24   4.25   4.25   4.25   4.70   4.24   4.26
 120   4.23   4.28   4.24   4.24   4.23   4.24   4.25   4.25   4.69   4.25
 130   4.24   4.24   4.28   4.35   4.24   4.36   4.27   4.29   4.24   4.33
 140   4.67   4.23   4.25   4.25   4.23   4.23   4.26   4.23   4.23   4.22
 150   4.22   4.68   4.23   4.23   4.24   4.24   4.26   4.22   4.24   4.23
 160   4.25   4.27   4.24   4.22   4.23   4.25   4.26   4.25   4.29   4.51
 170   4.26   4.33   4.35   4.26   4.25   4.27   4.27   4.37   4.25   4.31
 180   4.32   4.25   4.29   4.26   4.34   4.26   4.30   4.25   4.69   4.26
 190   4.25   4.24   4.23   4.25   4.25   4.26   4.24   4.35   4.23   4.39
