   0   4.12   3.98   3.88   3.85   3.65   3.97   3.63   3.79   3.65   3.66
  10   3.87   3.65   3.72   3.89   3.69   3.69   3.64   3.61   3.64   3.63
  20   3.65   3.72   3.66   3.66   3.70   3.66   3.66   3.73   3.65   3.69
  30   3.73   3.65   3.68   3.63   3.62   3.63   3.65   3.96   3.57   3.57
  40   3.64   3.56   3.71   3.56   3.58   3.57   3.60   3.58   3.66   3.62
  50   3.56   3.57   3.56   3.56   3.60   3.58   3.64   3.59   3.60   3.58
  60   3.59   3.62   3.58   3.57   3.59   3.56   3.59   3.58   3.62   3.60
  70   3.59   3.64   3.64   3.74   3.59   3.74   3.64   3.63   3.60   3.61
  80   3.66   3.62   3.64   3.63   3.62   3.64   3.61   3.88   3.63   3.73
  90   3.61   3.63   3.67   3.68   3.59   3.58   3.60   4.51   4.54   4.53
 100   4.55   4.58   4.51   4.54   4.53   4.55   4.55   4.68   4.63   4.52
 110   4.99   4.58   4.53   4.53   4.52   4.53   4.54   4.99   4.54   4.54
 120   4.53   4.56   4.52   4.51   4.53   4.53   4.53   4.56   5.01   4.53
 130   4.51   4.53   4.63   4.63   4.53   4.65   4.58   4.60   4.53   4.63
 140   5.25   4.52   4.53   4.54   4.54   4.52   4.56   4.51   4.54   4.48
 150   4.50   5.00   4.52   4.52   4.54   4.52   4.56   4.51   4.55   4.53
 160   4.59   4.59   4.53   4.53   4.56   4.53   4.57   4.55   4.64   4.82
 170   4.56   4.64   4.71   4.58   4.57   4.59   4.66   4.72   4.57   4.64
 180   4.65   4.57   4.63   4.55   4.67   4.58   4.64   4.88   5.01   4.57
 190   4.57   4.56   4.56  13.04   4.56   4.58   4.57   4.66   4.58   4.70
