   0   4.91   2.47   2.48   2.49   2.57   2.56   2.49   2.47   2.40   2.47
  10   2.38   2.39   2.56   2.45   2.49   2.45   2.49   2.47   2.52   2.50
  20   2.42   2.61   2.40   2.39   2.53   2.38   2.75   2.40   2.45   2.41
  30   2.42   2.52   2.42   2.48   2.50   2.44   2.51   2.42   2.51   2.41
  40   2.38   2.41   2.47   2.41   2.55   2.40   2.62   2.40   2.44   2.36
  50   2.40   2.43   2.55   2.41   2.60   2.39   2.38   3.15   2.38   2.53
  60   2.45   2.52   2.60   2.43   2.49   2.42   2.53   2.46   2.52   2.36
  70   2.52   2.41   2.46   3.36   2.42   2.49   2.40   2.47   2.54   2.49
  80   2.44   2.40   2.47   2.56   2.39   2.37   2.41   2.43   2.40   2.53
  90   2.52   2.63   2.40   2.35   2.38   2.41   2.44  12.01  12.16  12.05
 100  11.85  11.94  13.21  12.02  11.97  11.95  11.95  12.10  11.78  12.09
 110  12.01  12.19  12.88  12.00  12.24  12.87  11.88  11.84  13.03  12.06
 120  11.87  12.30  11.87  12.37  13.03  13.18  12.00  13.09  11.84  11.82
 130  11.90  12.97  13.25  12.28  13.19  12.40  12.05  13.04  13.11  13.14
 140  13.11  11.90  11.98  11.93  12.44  13.19  13.10  12.12  11.96  11.90
 150  12.15  12.04  12.05  11.93  11.95  12.07  12.08  11.99  12.90  12.07
 160  11.92  11.96  12.00  11.89  13.21  11.96  12.59  12.02  13.19  11.82
 170  13.07  11.95  12.03  11.95  12.06  13.32  12.76  11.92  13.21  11.87
 180  12.76  11.86  11.96  12.12  11.88  12.14  11.84  12.01  12.28  12.95
 190  12.10  13.22  12.09  12.38  11.92  12.02  13.21  12.03  12.10   2.19
