   0   4.95   4.55   4.29   4.34   4.25   4.49   4.30   4.54   4.32   4.50
  10   4.79   4.10   4.13   3.95   4.04   4.01   4.03   3.97   4.04   4.09
  20   3.98   3.84   3.79   3.79   3.94   3.84   3.80   3.84   3.83   3.68
  30   3.71   3.79   3.96   3.83   3.80   3.91   3.81   3.78   4.12   3.79
  40   3.81   3.81   3.87   4.52   4.00   3.97   4.05   4.10   4.53   4.00
  50   4.02   4.05   4.24   4.20   4.22   4.35   4.27   4.19   4.23   4.28
  60   4.23   4.33   4.61   4.21   4.25   4.32   4.21   4.25   4.79   4.77
  70   4.15   4.22   4.23   4.30   4.28   4.41   4.28   4.28   4.24   4.78
  80   4.41   4.55   4.68   4.22   4.21   4.21   4.41   4.52   4.11   4.26
  90   4.25   4.29   4.21   4.18   4.22   4.22   4.22   5.51   5.43   5.38
 100   5.37   5.39   5.33   5.51   5.43   5.39   5.53   5.38   5.39   6.15
 110   5.37   5.45   5.42   5.80   5.37   5.98   5.44   5.83   6.00   5.39
 120   5.42   5.40   5.38   5.47   5.94   5.58   5.37   5.60   5.07   5.62
 130   5.60   5.60   5.10   5.62   5.43   4.87   4.81   4.85   4.66   4.68
 140   4.71   4.51   4.43   5.04   4.40   4.39   4.48   4.48   4.54   4.54
 150   4.38   4.53   4.37   4.59   4.53   4.84   4.46   4.38   4.50   4.98
 160   4.38   4.69   4.46   4.91   4.45   4.60   4.89   4.51   4.60   5.54
 170   4.57   4.40   4.36   4.61   4.62   4.64   4.98   4.49   4.55   4.51
 180   4.95   4.65   4.74   4.60   4.65   5.18   4.66   5.16   4.65   5.15
 190   4.92   4.96   4.84  14.76   4.96   4.88   4.83   4.83   5.15   5.09
