   0   4.52   4.39   4.16   4.21   4.11   4.37   4.16   4.40   4.18   4.36
  10   4.66   3.94   3.96   3.83   3.87   3.86   3.93   3.86   3.87   3.92
  20   3.86   3.69   3.68   3.68   3.79   3.73   3.68   3.69   3.70   3.56
  30   3.55   3.67   3.80   3.69   3.68   3.75   3.66   3.66   3.91   3.67
  40   3.67   3.69   3.74   4.39   3.86   3.86   3.87   3.94   4.38   3.87
  50   3.90   3.92   4.10   4.08   4.11   4.21   4.10   4.07   4.10   4.15
  60   4.09   4.16   4.43   4.09   4.09   4.19   4.09   4.10   4.64   4.65
  70   3.98   4.08   4.10   4.12   4.11   4.27   4.03   4.12   4.10   4.65
  80   4.25   4.41   4.54   4.09   4.07   4.09   4.26   4.40   3.94   4.10
  90   4.11   4.17   4.08   3.96   4.09   4.10   4.10   5.31   5.30   5.25
 100   5.25   5.24   5.16   5.38   5.30   5.26   5.38   5.26   5.26   5.98
 110   5.24   5.29   5.20   5.67   5.24   5.82   5.31   5.69   5.87   5.26
 120   5.25   5.25   5.26   5.34   5.81   5.35   5.25   5.43   4.94   5.47
 130   5.48   5.48   4.96   5.49   5.23   4.72   4.69   4.72   4.53   4.55
 140   4.59   4.40   4.31   4.91   4.28   4.28   4.35   4.34   4.42   4.41
 150   4.26   4.38   4.24   4.42   4.39   4.71   4.33   4.25   4.37   4.84
 160   4.26   4.52   4.32   4.74   4.32   4.44   4.73   4.38   4.45   5.41
 170   4.45   4.26   4.25   4.49   4.49   4.51   4.84   4.37   4.43   4.37
 180   4.81   4.53   4.61   4.47   4.53   5.01   4.53   4.99   4.52   4.99
 190   4.72   4.84   4.71   4.72   4.82   4.75   4.70   4.71   4.95   4.96
