   0  12.87   4.86   4.58   4.61   4.52   4.75   4.59   4.84   4.62   4.78
  10   5.05   4.40   4.43   4.23   4.35   4.27   4.30   4.26   4.31   4.37
  20   4.25   4.19   4.06   4.05   4.20   4.09   4.10   4.12   4.13   3.98
  30   4.03   4.06   4.26   4.11   4.09   4.22   4.10   4.34   4.33   4.02
  40   3.98   4.05   4.10   5.59   5.10   5.06   5.12   5.26   5.63   5.08
  50   5.10   5.24   5.57   5.72   5.85   6.08   5.88   5.91   6.06   6.24
  60   6.25   6.75   7.09   6.55   6.74   6.81   6.82   7.06   7.61   7.56
  70   7.00   7.22   7.29   7.58   7.57   7.74   7.90   7.78   7.91   8.53
  80   8.36   8.94   8.85   8.61   8.43   8.56   8.97   5.17   4.46   4.54
  90   4.53   4.54   4.47   4.55   4.49   5.37   5.35   6.62   6.59   6.52
 100   6.54   6.52   6.69   6.83   6.83   6.91   7.08   7.05   7.14   8.31
 110   7.38   7.61   7.58   8.18   7.66   8.38   7.91   8.48   8.73   8.14
 120   8.40   8.27   8.17   8.58   9.09   8.79   8.71   9.19   8.62   9.10
 130   9.13   9.21   8.80   9.29   9.06   8.54   8.47   8.61   8.38   8.54
 140   5.29   4.73   4.68   5.27   4.66   4.64   5.45   5.44   5.54   5.63
 150   5.39   5.50   5.33   5.67   5.77   6.50   5.86   5.99   6.13   6.72
 160   6.19   6.62   6.61   7.24   6.76   6.83   7.45   7.68   7.16   8.50
 170   7.60   7.35   7.25   8.13   7.88   7.85   8.19   7.64   8.04   7.99
 180   8.55   8.59   8.68   8.58   8.72   9.54   9.12   6.01   4.92   5.50
 190   5.13   5.25   5.10  15.03   5.24   5.15   5.10   5.86   6.27   5.36
