   0   2.69   3.57   3.62   3.65   3.60   3.62   3.57   3.57   3.58   3.57
  10   3.55   3.58   3.59   3.60   3.58   3.55   3.61   3.65   3.58   3.61
  20   3.61   3.60   3.59   3.65   3.61   3.67   3.58   3.65   3.56   3.61
  30   3.56   3.61   3.63   3.60   3.56   3.63   2.87   3.58   3.56   3.57
  40   3.56   3.02   3.59   3.54   3.61   3.60   3.55   3.55   3.56   3.53
  50   3.58   3.57   3.59   3.54   3.54   3.54   3.57   3.62   3.56   2.87
  60   3.63   3.58   3.60   3.56   3.59   3.00   3.54   3.58   3.58   3.68
  70   3.58   3.54   3.01   3.57   3.57   3.57   3.55   3.54   3.57   3.55
  80   2.89   3.54   3.55   3.56   3.57   3.55   3.56   3.56   3.53   3.54
  90   3.54   3.56   3.00   3.55   3.63   3.59   3.57  10.83  10.79  10.94
 100  10.91  10.94  10.89  11.22  11.02  11.12  11.19  11.02  11.06  11.00
 110  11.22  11.02  11.02  11.22  10.98  11.02  10.93  11.07  10.93  11.19
 120  11.15  10.78  11.21  11.12  11.09  10.94  10.97  11.05  11.02  11.08
 130  11.00  10.97  11.04  11.02  10.88  11.14  11.09  11.06  11.12  11.00
 140  11.12  11.10  10.99  11.07  11.22  11.02  10.99  10.96  10.93  10.40
 150  11.20  11.15  11.18  10.98  11.07  11.02  10.97  11.28  11.13  11.02
 160  10.98  11.21  10.93  11.10  10.98  11.06  11.20  11.10  11.12  10.43
 170  11.20  10.43  11.05  11.02  11.29  11.27  11.31  11.09  11.04  11.08
 180  11.14  11.33  11.37  11.08  11.08  11.17  11.09  11.01  11.27  11.01
 190  11.16  11.06  11.25  11.03  11.36  10.93  10.96  11.18  11.69  11.26
