   0   6.96   7.49   7.23   7.38   7.34   7.46   7.56   7.09   7.20   7.38
  10   7.29   7.11   7.11   7.34   7.07   7.16   7.12   7.17   7.12   7.13
  20   7.22   7.17   7.14   7.18   7.17   7.19   7.19   7.20   7.14   7.14
  30   7.11   7.19   7.24   7.15   7.11   7.16   6.41   7.09   7.04   7.07
  40   7.06   6.54   7.14   7.00   7.12   7.07   7.04   7.02   7.07   7.00
  50   7.08   7.08   7.08   7.06   7.02   7.03   7.57   7.15   7.04   6.49
  60   7.20   7.42   7.55   7.04   7.11   6.47   7.02   7.07   7.14   7.18
  70   7.07   7.04   6.52   7.04   7.09   7.22   7.06   7.01   7.06   7.03
  80   6.53   7.02   7.02   7.04   7.06   7.01   7.05   7.03   7.51   7.48
  90   7.03   7.05   6.52   7.04   7.14   7.10   7.13  15.26  15.20  15.39
 100  15.31  15.36  15.31  15.66  15.45  15.54  15.62  15.73  15.52  15.45
 110  15.64  15.45  15.54  15.60  15.44  15.42  15.40  15.55  15.37  15.66
 120  15.62  15.18  15.61  15.56  15.53  15.37  15.42  15.49  15.45  15.48
 130  15.39  15.38  15.49  15.45  15.33  15.55  15.55  15.50  15.52  15.44
 140  15.56  15.57  15.42  15.51  15.68  15.46  15.40  15.38  15.37  14.83
 150  15.64  15.60  15.62  15.39  15.53  15.45  15.43  15.71  15.96  15.48
 160  15.48  15.65  15.38  15.59  15.41  15.96  15.77  15.72  15.61  14.91
 170  15.71  14.94  15.67  15.52  15.82  15.74  15.86  15.60  15.52  15.57
 180  15.77  15.82  15.86  15.57  15.59  16.10  15.55  15.92  15.70  15.47
 190  15.60  15.62  15.73  23.88  16.04  15.38  15.40  15.61  16.21  15.98
