   0   6.68   7.27   7.01   7.15   7.16   7.27   7.38   6.92   7.00   6.93
  10   7.13   6.96   6.96   7.19   6.92   7.00   6.97   7.01   6.95   6.98
  20   7.06   7.01   6.97   7.02   7.00   7.03   7.01   7.04   6.96   6.98
  30   6.93   7.02   7.06   6.99   6.93   6.98   6.23   6.91   6.90   6.93
  40   6.92   6.40   6.97   6.86   6.96   6.93   6.90   6.89   6.93   6.86
  50   6.93   6.95   6.94   6.89   6.88   6.88   7.41   6.97   6.90   6.33
  60   7.04   6.95   7.39   6.89   6.95   6.33   6.87   6.92   6.97   7.03
  70   6.91   6.89   6.37   6.90   6.93   7.06   6.89   6.86   6.90   6.88
  80   6.36   6.87   6.87   6.89   6.92   6.87   6.89   6.89   7.35   7.33
  90   6.89   6.90   6.37   6.88   6.98   6.92   6.97  15.12  15.04  15.24
 100  15.17  15.21  15.16  15.50  15.32  15.40  15.46  15.28  15.37  15.31
 110  15.47  15.30  15.36  15.44  15.29  15.26  15.25  15.39  15.20  15.49
 120  15.45  15.03  15.46  15.42  15.36  15.21  15.28  15.32  15.30  15.33
 130  15.24  15.23  15.32  15.30  15.17  15.38  15.35  15.34  15.36  15.28
 140  15.40  15.41  15.26  15.36  15.54  15.28  15.24  15.21  15.20  14.67
 150  15.48  15.44  15.46  15.23  15.36  15.28  15.28  15.54  15.44  15.30
 160  15.31  15.48  15.20  15.41  15.25  15.78  15.56  15.51  15.40  14.72
 170  15.51  14.74  15.47  15.33  15.61  15.55  15.66  15.40  15.33  15.38
 180  15.55  15.63  15.67  15.37  15.40  15.90  15.35  15.74  15.52  15.29
 190  15.42  15.42  15.54  23.71  15.85  15.20  15.23  15.44  16.03  15.52
