   0   3.69   3.63   3.32   3.41   3.46   3.57   3.74   3.29   3.33   3.31
  10   3.53   3.32   3.32   3.53   3.29   3.40   3.29   3.31   3.30   3.31
  20   3.36   3.36   3.31   3.32   3.32   3.30   3.37   3.33   3.31   3.31
  30   3.31   3.35   3.35   3.33   3.30   3.29   3.30   3.28   3.30   3.31
  40   3.30   3.34   3.32   3.28   3.29   3.28   3.30   3.29   3.32   3.29
  50   3.31   3.33   3.29   3.30   3.29   3.29   3.77   3.29   3.30   3.42
  60   3.33   3.32   3.75   3.28   3.31   3.29   3.29   3.29   3.33   3.30
  70   3.28   3.30   3.31   3.29   3.32   3.43   3.28   3.28   3.28   3.28
  80   3.42   3.28   3.27   3.29   3.30   3.28   3.29   3.29   3.76   3.75
  90   3.30   3.30   3.31   3.29   3.30   3.29   3.34   4.24   4.21   4.25
 100   4.21   4.23   4.23   4.24   4.25   4.23   4.23   4.23   4.25   4.27
 110   4.21   4.24   4.27   4.18   4.27   4.19   4.26   4.26   4.23   4.26
 120   4.25   4.20   4.21   4.25   4.22   4.22   4.27   4.23   4.22   4.21
 130   4.21   4.22   4.24   4.24   4.24   4.20   4.20   4.23   4.20   4.23
 140   4.22   4.27   4.23   4.25   4.27   4.22   4.21   4.20   4.21   4.22
 150   4.24   4.25   4.22   4.21   4.25   4.22   4.26   4.21   4.25   4.22
 160   4.26   4.21   4.22   4.25   4.20   4.66   4.29   4.34   4.21   4.23
 170   4.24   4.24   4.35   4.24   4.26   4.22   4.28   4.24   4.23   4.23
 180   4.33   4.23   4.24   4.23   4.25   4.67   4.21   4.69   4.20   4.23
 190   4.22   4.31   4.23   4.25   4.45   4.22   4.21   4.22   4.29   4.22
