   0   0.34   0.34   0.33   0.35   0.40   0.34   0.34   0.38   0.35   0.34
  10   0.33   0.33   0.35   0.38   0.36   0.34   0.31   0.39   0.37   0.33
  20   0.35   0.37   0.37   0.36   0.35   0.35   0.33   0.36   0.33   0.39
  30   0.91   0.36   0.34   0.38   0.38   0.36   0.34   0.42   0.36   0.37
  40   0.40   0.37   0.38   0.34   0.39   0.34   0.52   0.33   0.39   0.36
  50   0.37   0.38   0.37   0.37   0.37   0.41   0.37   0.43   0.40   0.38
  60   0.37   0.41   0.38   0.35   0.37   0.38   0.39   0.37   0.37   0.35
  70   0.38   0.35   0.36   0.37   0.38   0.37   0.33   0.43   0.39   0.39
  80   0.37   0.41   0.37   0.35   0.39   0.36   0.37   0.40   0.40   0.40
  90   0.38   0.38   0.39   0.43   0.34   0.39   0.40   0.42   0.39   0.38
 100   0.39   0.38   0.38   0.37   0.41   0.41   0.38   0.38   0.38   0.42
 110   0.45   0.40   0.36   0.36   0.37   0.38   0.38   0.42   0.39   0.96
 120   0.37   0.37   0.36   0.40   0.38   0.50   0.38   0.44   0.36   0.40
 130   0.40   0.35
