   0   0.02   0.03   0.02   0.02   0.02   0.02   0.02   0.02   0.02   0.02
  10   0.02   0.02   0.02   0.02   0.02   0.02   0.02   0.02   0.02   0.02
  20   0.02   0.02   0.02   0.02   0.02   0.02   0.02   0.02   0.02   0.02
  30   0.02   0.03   0.02   0.02   0.03   0.02   0.02   0.03   0.02   0.02
  40   0.03   0.02   0.02   0.02   0.03   0.02   0.03   0.02   0.03   0.02
  50   0.02   0.03   0.02   0.02   0.02   0.03   0.03   0.03   0.03   0.03
  60   0.03   0.03   0.03   0.02   0.03   0.02   0.02   0.03   0.02   0.02
  70   0.03   0.02   0.02   0.02   0.03   0.03   0.02   0.02   0.02   0.03
  80   0.02   0.02   0.03   0.02   0.03   0.03   0.02   0.03   0.03   0.03
  90   0.02   0.03   0.02   0.03   0.03   0.03   0.03   0.03   0.03   0.02
 100   0.03   0.02   0.02   0.03   0.03   0.03   0.03   0.03   0.03   0.03
 110   0.03   0.03   0.03   0.02   0.03   0.03   0.03   0.03   0.03   0.03
 120   0.02   0.03   0.02   0.03   0.03   0.03   0.02   0.03   0.02   0.03
 130   0.03   0.02
