   0   0.13   0.14   0.13   0.14   0.15   0.14   0.14   0.17   0.14   0.15
  10   0.13   0.14   0.14   0.17   0.14   0.13   0.13   0.16   0.14   0.13
  20   0.14   0.16   0.15   0.14   0.14   0.14   0.13   0.14   0.13   0.17
  30   0.15   0.15   0.15   0.17   0.16   0.15   0.15   0.19   0.15   0.16
  40   0.17   0.15   0.16   0.14   0.16   0.14   0.23   0.14   0.16   0.16
  50   0.15   0.16   0.15   0.16   0.15   0.18   0.15   0.19   0.17   0.15
  60   0.15   0.18   0.16   0.14   0.15   0.16   0.17   0.15   0.15   0.15
  70   0.15   0.15   0.14   0.16   0.16   0.15   0.14   0.18   0.16   0.16
  80   0.15   0.17   0.15   0.14   0.16   0.14   0.15   0.17   0.16   0.17
  90   0.15   0.15   0.15   0.19   0.16   0.16   0.16   0.18   0.16   0.15
 100   0.16   0.16   0.16   0.14   0.18   0.18   0.15   0.15   0.16   0.19
 110   0.18   0.16   0.15   0.15   0.15   0.15   0.15   0.18   0.15   0.17
 120   0.15   0.18   0.14   0.16   0.15   0.26   0.15   0.16   0.14   0.17
 130   0.17   0.14
