   0   0.04   0.05   0.04   0.04   0.04   0.04   0.04   0.04   0.04   0.05
  10   0.04   0.05   0.05   0.04   0.05   0.04   0.04   0.04   0.04   0.04
  20   0.04   0.04   0.04   0.04   0.04   0.04   0.04   0.04   0.04   0.05
  30   0.05   0.05   0.05   0.05   0.05   0.05   0.05   0.05   0.05   0.06
  40   0.05   0.05   0.05   0.05   0.06   0.05   0.10   0.05   0.05   0.05
  50   0.05   0.05   0.05   0.05   0.06   0.08   0.06   0.06   0.06   0.05
  60   0.05   0.05   0.05   0.05   0.05   0.05   0.06   0.05   0.05   0.05
  70   0.05   0.06   0.05   0.05   0.05   0.05   0.05   0.05   0.05   0.05
  80   0.05   0.05   0.06   0.05   0.05   0.06   0.06   0.06   0.05   0.05
  90   0.05   0.05   0.05   0.06   0.05   0.06   0.06   0.05   0.05   0.05
 100   0.05   0.05   0.05   0.05   0.07   0.05   0.05   0.05   0.06   0.05
 110   0.06   0.05   0.05   0.05   0.05   0.05   0.05   0.05   0.05   0.05
 120   0.05   0.05   0.05   0.05   0.05   0.05   0.05   0.05   0.05   0.05
 130   0.06   0.05
