   0   0.32   0.37   0.33   0.37   0.36   0.36   0.74   0.39   0.36   0.35
  10   0.37   0.38   0.36   0.35   0.35   0.38   0.75   0.34   0.38   0.36
  20   0.36   0.35   0.35   0.37   0.38   0.37   0.36   0.73   0.79   0.36
  30   0.35   0.37   0.35   0.37   0.42   0.40   0.37   0.37   0.39   0.40
  40   0.39   0.43   0.39   0.39   0.36   0.37   0.35   0.39   0.37   0.37
  50   0.37   0.99   0.39   0.40   0.43   0.36   0.42   0.40   0.41   0.40
  60   0.38   0.44   0.43   0.43   0.37   0.38   0.39   0.35   0.43   0.38
  70   0.36   0.38   0.42   0.36   0.40   0.40   0.39   0.41   0.44   0.41
  80   0.39   0.39   0.41   0.39   0.36   0.43   0.43   0.37   0.43   0.39
  90   0.40   0.43   0.40   0.39   0.42   0.38   0.41   0.39   0.41   0.39
 100   0.40   0.44   0.40   0.42   0.43   0.42   0.42   0.43   0.39   0.41
 110   0.47   0.42   0.47   0.43   0.49   0.44   0.43   0.45   0.47   0.45
 120   0.44   0.42   0.45   0.49   0.43   0.42   0.41   0.44   0.46   0.46
 130   0.47   0.44   0.47   0.44   0.45   0.49   0.49   0.46   0.47   0.46
 140   1.11   0.45   0.44   0.47   0.46   0.46   0.51   0.51   0.49   0.46
 150   0.49   0.42   0.43
