   0   0.36   0.35   0.79   0.35   0.35   0.40   0.34   0.36   0.34   0.39
  10   0.36   0.68   0.34   0.39   0.38   0.35   0.34   0.35   0.36   0.32
  20   0.38   0.38   0.37   0.36   0.34   0.39   0.35   0.34   0.32   0.35
  30   0.34   0.35   0.37   0.41   0.37   0.37   0.72   0.38   0.46   0.91
  40   0.39   0.40   0.41   0.41   0.36   0.37   0.71   0.38   0.36   0.41
  50   0.72   0.81   0.78   0.39   0.38   0.36   0.40   0.37   0.38   0.37
  60   0.39   0.40   0.43   0.40   0.37   0.40   0.76   0.39   0.38   0.39
  70   0.42   0.40   0.39   0.38   0.38   0.37   0.39   0.42   0.39   0.40
  80   0.40   0.38   0.40   0.42   0.40   0.42   0.42   0.43   0.42   0.39
  90   0.43   0.39   0.43   0.43   0.40   0.42   0.42   0.41   0.41   0.43
 100   0.43   0.46   0.44   0.42   0.41   0.38   0.39   0.74   0.82   0.45
 110   0.45   0.39   0.77   0.41   0.39   0.43   0.41   0.72   0.42   0.39
 120   0.39   0.42   0.42   0.42   0.46   0.71   0.42   0.72   0.96   0.40
 130   0.76   0.43   0.75   0.45   0.83   0.80   0.77   0.41   0.83   0.44
 140   0.44
