   0   0.63   0.66   0.33   0.33   0.70   0.68   0.34   0.33   0.33   0.35
  10   0.33   0.31   0.31   0.33   0.34   0.33   0.34   0.31   0.33   0.71
  20   0.66   0.35   0.36   0.35   0.31   0.63   0.33   0.34   0.34   0.33
  30   0.34   0.34   0.32   0.73   0.66   0.73   0.81   0.63   0.69   0.67
  40   0.40   0.39   0.33   0.36   0.32   0.32   0.33   0.33   0.34   0.37
  50   0.35   0.35   0.37   0.30   0.35   0.31   0.33   0.34   1.17   0.38
  60   0.39   0.35   0.34   0.37   0.35   0.37   0.37   0.33   0.35   0.36
  70   0.41   0.37   0.42   0.38   0.36   0.68   0.37   0.41   0.76   0.68
  80   0.38   0.36   0.36   0.35   0.38   0.35   0.40   0.38   0.37   0.39
  90   0.36   0.36   0.37   0.34   0.38   0.37   0.38   0.39   0.36   0.43
 100   0.35   0.40   0.36   0.40   0.38   0.34   0.41   0.38   0.40   0.39
 110   0.37   0.36   0.40   0.37   0.35   0.43   0.38   0.35   0.41   0.36
 120   0.37   0.36   0.70   0.40   0.40   0.39   0.39   0.38   0.36   0.36
 130   0.39   0.41   0.40   0.39   0.38   0.38   0.39   0.68   0.82   0.84
 140   0.43   0.42   0.38   0.40   0.40   0.40   0.43   1.01   0.39   0.40
 150   0.83   0.72   0.80   0.47   0.44   0.40   0.43   0.40   0.41   0.39
