   0  23.55   7.62   8.26   7.19   8.00   7.48   7.28   7.33   7.23   7.35
  10   7.03   7.16   7.36   7.10   7.38   7.33   7.39   7.16   7.29   7.01
  20   7.14   7.00   7.06   7.27   7.30   7.08   7.11   7.10   7.14   7.55
  30   7.72   7.43   8.11   7.13   6.95   6.98   7.03   6.98   7.17   7.01
  40   7.90   6.99   7.07   6.96   6.99   7.01   6.98   6.99   7.14   7.11
  50   7.01   7.07   6.99   7.00   7.26   7.03   6.98   7.61   7.10   7.00
  60   7.00   7.04   7.52   7.09   7.09   7.04   8.30   7.25   7.51   7.15
  70   7.03   7.06   7.15   7.96   7.02   7.31   7.08   7.29   8.26   7.02
  80   6.96   7.03   6.98   7.49   7.56   6.91   7.90   7.00   7.11   7.80
  90   7.07   7.04   6.98   6.97   7.21   7.11   7.14   9.16   9.10   9.41
 100   8.82   9.03   9.33   8.98   9.24   9.10   8.88   9.59   9.13   8.86
 110   8.93   8.87   8.94   8.91   9.02   9.03   9.01   9.33   9.34   9.33
 120  12.98   9.65   9.23   9.20  10.26   9.22   9.33   9.80   8.93   8.98
 130   8.86   9.44   9.77   9.77   9.31   9.79   8.85  10.18   8.94   8.98
 140   8.96   8.98   9.14   9.56   8.95   8.90   8.90   9.07   8.95   9.00
 150   8.95   8.94   9.39   8.93   9.01   8.96   8.93   9.02   9.31  10.05
 160   9.11   8.95   8.94   8.87   9.87   9.76  10.10   9.72   8.87   8.94
 170   9.31   9.26   8.88   8.91   8.99   8.81   8.95  11.25   8.86   9.02
 180   8.86   9.00   8.98   8.94   9.02   8.86   8.84   8.87   9.73   9.83
 190   9.01   8.93   9.18  14.11   8.92   9.80   9.78   9.79   8.92   9.39
