   0   4.43  28.29  23.25  22.58  22.79  22.18  22.28  21.99  22.95  22.72
  10  22.51  21.67  21.37  22.40  21.46  22.34  22.17  21.63  22.30  21.87
  20  23.20  23.19  21.81  21.12  21.96  22.36  22.62  22.28  29.48  22.92
  30  22.97  21.52  23.02  22.02  22.90  21.66  22.49  21.80  22.20  22.60
  40  22.41  22.27  22.07  22.31  22.45  22.11  22.28  22.87  21.56  22.30
  50  22.24  21.83  21.61  21.84  22.13  22.16  22.58  21.84  23.10  21.76
  60  23.33  21.46  22.35  22.39  21.80  23.04  22.76  21.66  23.66  22.48
  70  22.55  22.50  22.28  22.40  22.27  22.75  22.84  22.33  22.40  22.29
  80  21.89  21.97  21.81  22.07  22.45  22.20  22.42  22.86  22.46  22.05
  90  22.52  21.99  21.51  21.83  22.19  21.60  22.96  22.05   7.16   4.86
 100   4.68   5.91   5.28   4.72   4.74   4.79   5.19   4.63   4.87   4.69
 110   4.89   4.66   4.75   4.83   5.00   5.06   4.73   4.91   4.76   4.64
 120   5.39   4.62   4.71   4.87   4.70   4.77   4.74   4.76   4.74   5.11
 130   4.75   4.88   4.77   4.91   4.73   4.69   5.23   4.77   4.72   5.54
 140   4.75   5.24   4.88   4.72   4.67   4.83   4.81   4.75   4.90   5.10
 150   4.60   4.65   4.72   4.77   4.62   4.82   4.60   5.13   4.78   4.77
 160   4.74   4.95   4.90   4.62   4.75   4.81   5.22   5.21   4.80   4.92
 170   4.91   4.90   4.88   4.91   4.90   5.02   4.89   4.89   5.03   4.96
 180   4.92   4.92   4.91   5.07   5.58   5.30   5.16   5.13   5.27   5.61
 190   5.11   5.10   5.60  14.86   5.08   5.58   5.08   5.16   5.11   6.14
