   0   3.76  27.92  22.86  22.15  22.42  21.82  21.91  21.63  22.60  22.33
  10  22.14  21.26  21.00  22.02  21.04  21.94  21.69  21.15  21.76  21.45
  20  22.64  22.73  21.38  20.63  21.44  21.85  22.16  21.74  29.08  22.48
  30  22.49  21.07  22.06  21.65  22.55  21.35  22.16  21.45  21.81  22.28
  40  22.04  21.93  21.74  21.97  22.07  21.77  21.90  22.54  21.19  21.96
  50  21.90  21.49  21.25  21.48  21.80  21.81  22.22  21.47  22.73  21.42
  60  22.95  21.10  21.94  22.06  21.47  22.46  22.43  21.31  23.26  22.11
  70  22.17  22.15  21.88  22.05  21.93  22.36  22.48  21.95  22.06  21.94
  80  21.52  21.38  21.42  21.72  22.05  21.78  22.04  22.33  22.09  21.69
  90  22.15  21.63  21.11  21.44  21.84  21.29  22.54  21.69   6.77   4.53
 100   4.29   5.40   4.96   4.38   4.40   4.44   4.81   4.26   4.53   4.33
 110   4.54   4.28   4.40   4.46   4.65   4.71   4.38   4.54   4.40   4.31
 120   4.48   4.27   4.37   4.55   4.36   4.40   4.40   4.39   4.40   4.74
 130   4.40   4.53   4.41   4.51   4.38   4.32   4.86   4.39   4.32   5.19
 140   4.39   4.87   4.53   4.38   4.35   4.46   4.46   4.41   4.54   4.75
 150   4.26   4.31   4.38   4.37   4.26   4.48   4.26   4.75   4.43   4.41
 160   4.37   4.58   4.54   4.27   4.40   4.43   4.86   4.85   4.41   4.53
 170   4.54   4.53   4.53   4.53   4.53   4.66   4.52   4.51   4.66   4.59
 180   4.52   4.53   4.53   4.71   5.21   4.85   4.76   4.78   4.89   5.20
 190   4.74   4.73   5.21   5.01   4.71   5.23   4.70   4.78   4.71   5.21
