   0   4.18  28.06  23.00  22.34  22.55  21.95  22.05  21.77  22.72  22.49
  10  22.27  21.40  21.15  22.18  21.22  22.09  21.86  21.34  21.98  21.62
  20  22.85  22.93  21.53  20.80  21.64  22.02  22.32  21.94  29.23  22.66
  30  22.67  21.22  22.24  21.81  22.71  21.47  22.29  21.60  22.00  22.40
  40  22.21  22.06  21.87  22.11  22.23  21.91  22.08  22.68  21.35  22.10
  50  22.05  21.63  21.39  21.64  21.93  21.95  22.36  21.63  22.87  21.55
  60  23.13  21.25  22.12  22.19  21.64  22.66  22.56  21.44  23.40  22.26
  70  22.32  22.28  22.04  22.19  22.07  22.52  22.63  22.10  22.19  22.08
  80  21.68  21.67  21.59  21.85  22.22  21.98  22.20  22.55  22.24  21.83
  90  22.29  21.77  21.29  21.60  21.97  21.42  22.71  21.82   6.94   4.65
 100   4.45   5.64   5.07   4.50   4.52   4.57   4.95   4.39   4.65   4.47
 110   4.67   4.41   4.52   4.60   4.77   4.83   4.49   4.68   4.53   4.43
 120   4.60   4.40   4.48   4.66   4.47   4.54   4.52   4.51   4.52   4.88
 130   4.52   4.65   4.53   4.67   4.49   4.44   4.98   4.53   4.45   5.30
 140   4.51   5.01   4.65   4.50   4.45   4.60   4.58   4.53   4.66   4.87
 150   4.38   4.42   4.49   4.55   4.38   4.59   4.37   4.89   4.54   4.53
 160   4.49   4.71   4.66   4.38   4.51   4.56   4.98   4.97   4.53   4.67
 170   4.66   4.65   4.64   4.67   4.65   4.77   4.65   4.65   4.78   4.71
 180   4.65   4.67   4.65   4.82   5.33   5.04   4.88   4.90   5.01   5.35
 190   4.86   4.85   5.33  14.61   4.84   5.35   4.82   4.90   4.85   5.33
