   0   0.03   0.02   0.02   0.02   0.02   0.03   0.02   0.02   0.02   0.03
  10   0.03   0.03   0.03   0.03   0.03   0.03   0.03   0.03   0.02   0.03
  20   0.02   0.03   0.03   0.02   0.03   0.03   0.02   0.03   0.02   0.03
  30   0.02   0.02   0.03   0.02   0.02   0.02   0.02   0.03   0.02   0.02
  40   0.02   0.03   0.03   0.02   0.02   0.03   0.02   0.02   0.03   0.02
  50   0.02   0.02   0.03   0.02   0.02   0.03   0.02   0.02   0.02   0.02
  60   0.02   0.02   0.02   0.03   0.03   0.02   0.03   0.03   0.02   0.02
  70   0.03   0.02   0.02   0.03   0.02   0.02   0.03   0.03   0.02   0.03
  80   0.03   0.02   0.03   0.02   0.03   0.03   0.03   0.03   0.02   0.03
  90   0.03   0.02   0.03   0.02   0.02   0.03   0.03   0.03   0.03   0.03
 100   0.03   0.03   0.03   0.03   0.03   0.03   0.03   0.03   0.03   0.03
 110   0.03   0.03   0.03   0.03   0.03   0.03   0.03   0.03   0.03   0.03
 120   0.03   0.03   0.03   0.03   0.03   0.03   0.03   0.03   0.03   0.03
 130   0.03   0.03   0.03   0.03   0.03   0.03   0.03   0.03   0.03   0.03
 140   0.03   0.03   0.03   0.03   0.03   0.03   0.03   0.03   0.03   0.03
 150   0.03   0.03   0.03   0.03   0.03   0.03   0.03   0.04   0.03   0.03
 160   0.03   0.03   0.03   0.03   0.03   0.03   0.03   0.03   0.03   0.03
 170   0.03   0.03   0.03   0.03   0.03   0.03   0.03   0.03   0.03   0.03
 180   0.03   0.03   0.03   0.03   0.03   0.03   0.03   0.03   0.03   0.03
 190   0.03   0.03   0.03   0.03   0.03   0.03   0.03   0.03   0.03   0.02
