   0   3.32   3.30   3.32   3.32   3.32   3.33   3.78   3.33   3.32   3.33
  10   3.30   3.32   3.33   3.32   3.32   3.29   3.32   3.31   3.35   4.03
  20   3.53   3.53   3.41   3.41   3.42   3.42   3.29   3.52   3.52   3.50
  30   3.42   3.42   3.43   3.42   3.39   3.37   3.28   3.31   3.31   3.32
  40   3.32   3.76   3.39   3.52   3.33   3.42   3.36   3.35   3.34   3.34
  50   3.31   3.39   3.42   3.34   3.41   3.41   3.34   3.34   3.31   3.36
  60   3.31   3.40   3.38   3.38   3.40   3.36   3.42   3.35   3.42   3.42
  70   3.35   3.31   3.31   3.35   3.37   3.31   3.31   3.39   3.32   3.56
  80   3.28   3.39   3.34   3.34   3.32   3.30   3.39   3.37   3.43   3.41
  90   3.31   3.31   3.30   3.32   3.31   3.31   3.32   4.25   4.25   4.24
 100   4.25   4.25   4.29   4.31   4.23   4.24   4.25   4.71   4.25   4.25
 110   4.25   4.24   4.26   4.26   4.25   4.26   4.26   4.25   4.25   4.30
 120   4.24   4.27   4.26   4.26   4.25   4.25   4.27   4.25   4.25   4.25
 130   4.26   4.25   4.26   4.27   4.26   4.28   4.24   4.25   4.25   4.25
 140   4.25   4.24   4.24   4.71   4.24   4.26   4.47   4.26   4.24   4.27
 150   4.24   4.75   4.25   4.26   4.24   4.70   4.27   4.25   4.26   4.26
 160   4.27   4.28   4.25   4.29   4.26   4.25   4.25   4.95   4.25   4.40
 170   4.41   4.40   4.25   4.24   4.39   4.39   4.35   4.26   4.70   4.70
 180   4.25   4.26   4.39   4.28   4.37   4.26   4.26   4.34   4.36   4.26
 190   4.28   4.25   4.26   4.26   4.25   4.26   4.27   4.28   4.26   4.24
