   0   7.52   7.28   7.23   7.10   7.14   7.32   7.91   7.22   7.03   7.06
  10   7.18   7.19   7.17   7.03   7.24   7.08   7.16   7.01   7.22   7.92
  20   7.40   7.90   7.26   7.17   7.20   7.26   6.96   7.39   7.49   7.39
  30   7.16   7.17   7.72   7.16   7.12   7.07   6.92   6.92   6.92   7.01
  40   6.93   7.83   6.99   7.10   7.05   7.11   7.04   7.18   7.07   7.09
  50   6.92   7.00   7.13   7.21   7.11   7.18   7.07   7.09   6.93   7.09
  60   7.03   7.22   7.36   7.12   7.01   7.02   7.14   7.04   7.28   7.08
  70   7.09   6.97   6.95   7.02   7.08   6.91   7.05   7.32   7.00   7.19
  80   7.14   7.11   6.96   6.96   6.95   7.04   7.07   7.03   7.22   7.14
  90   6.92   6.93   6.91   6.96   6.92   6.94   6.96   8.84   8.92   8.90
 100   8.81   8.89   9.04   8.91   8.95   8.89   8.81   9.72   8.96   9.28
 110   8.84   8.78   8.82   8.88   9.27   8.82   8.83   8.83   8.96   8.93
 120   9.43   8.92   8.88   8.85   8.84   8.98   8.91   8.80   8.98   8.97
 130   8.88   8.83   8.83   8.87   8.87   8.97   8.82   8.81   8.83   8.86
 140   8.82   8.94   8.83   9.79   8.88   8.93   9.10   8.87   8.95   9.37
 150   8.85   9.85   8.96   8.85   8.96   9.77   9.04   9.05   8.86   8.97
 160   8.87   9.03   8.87   8.98   8.85   8.86   8.84   9.63   8.95   9.15
 170   9.11   9.05   9.16   8.96   9.07   9.14   9.01   8.93   9.82   9.72
 180   9.26   8.84   9.26   8.89   8.96   8.86   8.88   8.94   8.95   8.93
 190   8.96   8.82   8.84  13.09   8.85   8.85   8.89   8.88   8.89   9.31
