   0   7.25   7.06   7.01   6.87   6.91   7.09   7.68   7.00   6.78   6.81
  10   6.97   6.95   6.89   6.80   7.01   6.85   6.92   6.78   6.94   7.69
  20   7.18   7.67   7.02   6.96   6.96   7.03   6.73   7.13   7.28   7.17
  30   6.95   6.95   6.96   6.97   6.93   6.88   6.74   6.75   6.74   6.83
  40   6.74   7.65   6.81   6.93   6.86   6.92   6.85   6.99   6.88   6.90
  50   6.73   6.82   6.95   7.02   6.92   6.99   6.88   6.90   6.74   6.90
  60   6.84   7.03   7.16   6.92   6.82   6.83   6.96   6.86   7.09   6.91
  70   6.91   6.76   6.75   6.83   6.89   6.73   6.84   7.10   6.80   7.00
  80   6.92   6.92   6.78   6.76   6.76   6.85   6.88   6.83   7.03   6.95
  90   6.73   6.75   6.72   6.76   6.72   6.74   6.76   8.64   8.72   8.71
 100   8.60   8.68   8.84   8.72   8.74   8.69   8.60   9.53   8.74   9.05
 110   8.66   8.59   8.63   8.67   9.08   8.63   8.62   8.63   8.76   8.73
 120   8.64   8.72   8.66   8.64   8.63   8.76   8.70   8.60   8.76   8.76
 130   8.67   8.63   8.64   8.66   8.66   8.76   8.61   8.61   8.62   8.65
 140   8.62   8.72   8.61   9.56   8.68   8.71   8.88   8.66   8.72   9.10
 150   8.63   9.62   8.74   8.63   8.74   9.53   8.78   8.80   8.66   8.76
 160   8.65   8.83   8.64   8.75   8.63   8.64   8.64   9.42   8.74   8.92
 170   8.89   8.84   8.94   8.72   8.85   8.93   8.80   8.71   9.60   9.51
 180   9.06   8.63   9.04   8.68   8.73   8.65   8.66   8.72   8.75   8.70
 190   8.73   8.61   8.62  12.87   8.63   8.62   8.67   8.65   8.67   8.58
